0 0.77 0.5125 0.03 0.035833333333333335
0 0.745 0.4683333333333333 0.03 0.03916666666666667
0 0.6725 0.4 0.0375 0.04083333333333333
0 0.5875 0.39916666666666667 0.034166666666666665 0.049166666666666664
0 0.5275 0.5591666666666667 0.028333333333333332 0.0475
0 0.4475 0.24666666666666667 0.034166666666666665 0.034166666666666665
0 0.3775 0.1525 0.03916666666666667 0.035833333333333335
0 0.38166666666666665 0.6908333333333333 0.0375 0.03
0 0.4091666666666667 0.7391666666666666 0.034166666666666665 0.0325
0 0.315 0.8325 0.03916666666666667 0.034166666666666665
0 0.25333333333333335 0.9133333333333333 0.0375 0.0325
0 0.16166666666666665 0.9725 0.03916666666666667 0.0325
0 0.29083333333333333 0.7991666666666667 0.0375 0.0375
0 0.27 0.7658333333333334 0.0375 0.035833333333333335
0 0.23416666666666666 0.8775 0.0325 0.035833333333333335
0 0.44083333333333335 0.7883333333333333 0.0375 0.035833333333333335