0 0.23 0.58 0.05333333333333334 0.041666666666666664
0 0.21166666666666667 0.43416666666666665 0.0325 0.035833333333333335
0 0.49083333333333334 0.37333333333333335 0.0225 0.0325
0 0.5783333333333334 0.38083333333333336 0.0225 0.035833333333333335
0 0.08 0.3375 0.056666666666666664 0.0625
0 0.4575 0.07166666666666667 0.0325 0.035833333333333335
0 0.07416666666666667 0.175 0.02666666666666667 0.049166666666666664
0 0.30833333333333335 0.8166666666666667 0.030833333333333334 0.0325
0 0.3233333333333333 0.905 0.03833333333333333 0.034166666666666665
0 0.3441666666666667 0.865 0.034166666666666665 0.034166666666666665
0 0.265 0.7391666666666666 0.035833333333333335 0.034166666666666665
0 0.4191666666666667 0.2825 0.028333333333333332 0.0325