0 0.7733333333333333 0.535 0.0325 0.0375
0 0.7466666666666667 0.48833333333333334 0.0325 0.041666666666666664
0 0.6691666666666667 0.41583333333333333 0.03916666666666667 0.043333333333333335
0 0.5791666666666667 0.4141666666666667 0.035833333333333335 0.0525
0 0.515 0.5841666666666666 0.030833333333333334 0.05
0 0.43 0.25166666666666665 0.035833333333333335 0.035833333333333335
0 0.355 0.15166666666666667 0.041666666666666664 0.0375
0 0.36 0.725 0.03916666666666667 0.0325
0 0.3883333333333333 0.7758333333333334 0.035833333333333335 0.034166666666666665
0 0.28833333333333333 0.8758333333333334 0.041666666666666664 0.035833333333333335
0 0.22333333333333333 0.9616666666666667 0.03916666666666667 0.034166666666666665
0 0.2625 0.84 0.03916666666666667 0.03916666666666667
0 0.24083333333333334 0.805 0.03916666666666667 0.0375
0 0.2025 0.9233333333333333 0.034166666666666665 0.0375
0 0.4225 0.8283333333333334 0.03916666666666667 0.0375