0 0.5091666666666667 0.5108333333333334 0.07333333333333333 0.0775
0 0.7133333333333334 0.43083333333333335 0.06166666666666667 0.0475
0 0.16083333333333333 0.36083333333333334 0.051666666666666666 0.043333333333333335
0 0.20333333333333334 0.2808333333333333 0.0575 0.04583333333333333
0 0.7041666666666667 0.49833333333333335 0.06333333333333334 0.043333333333333335
0 0.86 0.5058333333333334 0.05333333333333334 0.04
0 0.8533333333333334 0.5541666666666667 0.0475 0.0375
0 0.8041666666666667 0.25916666666666666 0.04583333333333333 0.05
0 0.74 0.25 0.051666666666666666 0.0475
0 0.615 0.22083333333333333 0.0475 0.05
0 0.5558333333333333 0.2125 0.0475 0.0475
0 0.505 0.2075 0.041666666666666664 0.05333333333333334