0 0.22666666666666666 0.30333333333333334 0.041666666666666664 0.045
0 0.0775 0.41 0.025833333333333333 0.025833333333333333
0 0.6866666666666666 0.5275 0.020833333333333332 0.024166666666666666
0 0.2225 0.43666666666666665 0.025833333333333333 0.0225
0 0.23083333333333333 0.4608333333333333 0.0225 0.025833333333333333
0 0.17333333333333334 0.4525 0.015833333333333335 0.019166666666666665
0 0.185 0.47583333333333333 0.024166666666666666 0.0275
0 0.10083333333333333 0.4508333333333333 0.024166666666666666 0.024166666666666666
0 0.07333333333333333 0.4583333333333333 0.020833333333333332 0.024166666666666666
0 0.6583333333333333 0.725 0.024166666666666666 0.020833333333333332
0 0.6391666666666667 0.6933333333333334 0.020833333333333332 0.0175
0 0.6366666666666667 0.7133333333333334 0.019166666666666665 0.015833333333333335
0 0.6216666666666667 0.6991666666666667 0.020833333333333332 0.019166666666666665
0 0.6075 0.6808333333333333 0.0225 0.020833333333333332