0 0.7408333333333333 0.29833333333333334 0.0375 0.04083333333333333
0 0.5375 0.30833333333333335 0.04666666666666667 0.04666666666666667
0 0.595 0.19166666666666668 0.03916666666666667 0.035833333333333335
0 0.635 0.14583333333333334 0.04083333333333333 0.0375
0 0.5133333333333333 0.43833333333333335 0.0375 0.045
0 0.4691666666666667 0.49 0.03916666666666667 0.04083333333333333
0 0.3858333333333333 0.7716666666666666 0.051666666666666666 0.045
0 0.24 0.67 0.05 0.03916666666666667
0 0.4091666666666667 0.6983333333333334 0.0375 0.04083333333333333
0 0.255 0.605 0.051666666666666666 0.045
0 0.2733333333333333 0.545 0.045 0.043333333333333335
0 0.29333333333333333 0.47583333333333333 0.034166666666666665 0.034166666666666665
0 0.6891666666666667 0.32916666666666666 0.04083333333333333 0.045
0 0.8075 0.28833333333333333 0.023333333333333334 0.025
0 0.8541666666666666 0.25916666666666666 0.034166666666666665 0.034166666666666665
0 0.7941666666666667 0.12916666666666668 0.035833333333333335 0.0325
0 0.7733333333333333 0.09833333333333333 0.034166666666666665 0.0325
0 0.3233333333333333 0.41333333333333333 0.04083333333333333 0.034166666666666665