0 0.37166666666666665 0.63 0.023333333333333334 0.03333333333333333
0 0.3075 0.6391666666666667 0.025 0.028333333333333332
0 0.3625 0.49083333333333334 0.025 0.028333333333333332
0 0.2633333333333333 0.4125 0.0425 0.0375
0 0.0875 0.3 0.03333333333333333 0.035
0 0.5175 0.4558333333333333 0.035 0.03166666666666667
0 0.8191666666666667 0.33666666666666667 0.03 0.03
0 0.8858333333333334 0.5091666666666667 0.03333333333333333 0.025
0 0.8891666666666667 0.6308333333333334 0.03 0.03166666666666667
0 0.6766666666666666 0.685 0.03166666666666667 0.02666666666666667
0 0.525 0.31083333333333335 0.020833333333333332 0.03166666666666667
0 0.2708333333333333 0.7483333333333333 0.03333333333333333 0.03
0 0.5608333333333333 0.8266666666666667 0.02666666666666667 0.020833333333333332
0 0.63 0.8283333333333334 0.023333333333333334 0.035
0 0.5341666666666667 0.7583333333333333 0.03 0.03166666666666667
0 0.5316666666666666 0.6533333333333333 0.025 0.025
0 0.6591666666666667 0.31083333333333335 0.03166666666666667 0.028333333333333332
0 0.6525 0.27416666666666667 0.015833333333333335 0.0175
0 0.5725 0.25833333333333336 0.020833333333333332 0.028333333333333332
0 0.9891666666666666 0.505 0.020833333333333332 0.03166666666666667