0 0.7341666666666666 0.8516666666666667 0.035 0.04583333333333333
0 0.4741666666666667 0.7625 0.041666666666666664 0.041666666666666664
0 0.4275 0.7575 0.04 0.03666666666666667
0 0.38666666666666666 0.755 0.041666666666666664 0.03833333333333333
0 0.3433333333333333 0.7491666666666666 0.04 0.03666666666666667
0 0.2975 0.6825 0.0525 0.050833333333333335
0 0.2975 0.6225 0.04583333333333333 0.059166666666666666
0 0.15916666666666668 0.6716666666666666 0.035 0.041666666666666664
0 0.17166666666666666 0.7141666666666666 0.035 0.04
0 0.185 0.7625 0.035 0.03833333333333333
0 0.2075 0.8008333333333333 0.03333333333333333 0.041666666666666664
0 0.13166666666666665 0.5791666666666667 0.0475 0.050833333333333335
0 0.15833333333333333 0.5275 0.04 0.0475
0 0.1725 0.4625 0.04 0.04
0 0.20666666666666667 0.4225 0.04583333333333333 0.043333333333333335
0 0.24166666666666667 0.37833333333333335 0.041666666666666664 0.04
0 0.32083333333333336 0.3591666666666667 0.0475 0.0475
0 0.3616666666666667 0.38916666666666666 0.04583333333333333 0.043333333333333335
0 0.32 0.43916666666666665 0.04583333333333333 0.049166666666666664
0 0.275 0.5 0.050833333333333335 0.04583333333333333
0 0.37083333333333335 0.44583333333333336 0.035 0.03166666666666667
0 0.41 0.44083333333333335 0.03666666666666667 0.035
0 0.4058333333333333 0.4708333333333333 0.03833333333333333 0.03333333333333333
0 0.4216666666666667 0.49583333333333335 0.04583333333333333 0.03333333333333333
0 0.4558333333333333 0.5758333333333333 0.05416666666666667 0.043333333333333335