0 0.7475 0.9116666666666666 0.11 0.11666666666666667
0 0.7591666666666667 0.7575 0.14 0.12333333333333334
0 0.7916666666666666 0.4925 0.0725 0.07916666666666666
0 0.7925 0.3458333333333333 0.11833333333333333 0.12
0 0.8041666666666667 0.19666666666666666 0.12166666666666667 0.13
0 0.8216666666666667 0.04666666666666667 0.12333333333333334 0.08916666666666667
0 0.44083333333333335 0.9333333333333333 0.07416666666666667 0.0725
0 0.44083333333333335 0.8116666666666666 0.060833333333333336 0.059166666666666666
0 0.4625 0.5658333333333333 0.060833333333333336 0.060833333333333336
0 0.46416666666666667 0.44083333333333335 0.07416666666666667 0.0775
0 0.4775 0.17666666666666667 0.06583333333333333 0.06916666666666667
0 0.4633333333333333 0.31 0.0825 0.07916666666666666