0 0.4925 0.6666666666666666 0.08416666666666667 0.08416666666666667
0 0.345 0.5575 0.08833333333333333 0.08083333333333333
0 0.0425 0.2608333333333333 0.05 0.05333333333333334
0 0.13583333333333333 0.2475 0.05 0.05
0 0.2425 0.24416666666666667 0.05583333333333333 0.05583333333333333
0 0.34833333333333333 0.25083333333333335 0.05 0.0575
0 0.4625 0.2675 0.051666666666666666 0.06333333333333334
0 0.5575 0.25416666666666665 0.0425 0.06333333333333334
0 0.6733333333333333 0.24833333333333332 0.04416666666666667 0.06666666666666667
0 0.7875 0.245 0.05 0.065
0 0.9933333333333333 0.6216666666666667 0.009166666666666667 0.0475