0 0.26416666666666666 0.19916666666666666 0.041666666666666664 0.03833333333333333
0 0.37833333333333335 0.22666666666666666 0.041666666666666664 0.04
0 0.3358333333333333 0.2625 0.03666666666666667 0.035
0 0.43583333333333335 0.25833333333333336 0.03666666666666667 0.03666666666666667
0 0.3875 0.37083333333333335 0.03666666666666667 0.03666666666666667
0 0.355 0.29583333333333334 0.028333333333333332 0.03166666666666667
0 0.4533333333333333 0.3466666666666667 0.043333333333333335 0.045
0 0.48083333333333333 0.41083333333333333 0.03166666666666667 0.02666666666666667
0 0.5391666666666667 0.6316666666666667 0.041666666666666664 0.045
0 0.5041666666666667 0.7433333333333333 0.025 0.023333333333333334
0 0.47583333333333333 0.8416666666666667 0.03833333333333333 0.041666666666666664
0 0.5341666666666667 0.8441666666666666 0.03833333333333333 0.04
0 0.4925 0.8816666666666667 0.045 0.03833333333333333
0 0.03333333333333333 0.8958333333333334 0.02666666666666667 0.02666666666666667
0 0.05 0.9741666666666666 0.03 0.035
0 0.15083333333333335 0.4866666666666667 0.03333333333333333 0.02666666666666667