0 0.0375 0.7333333333333333 0.0625 0.09166666666666666
0 0.11 0.7125 0.060833333333333336 0.050833333333333335
0 0.2125 0.5958333333333333 0.0625 0.08583333333333333
0 0.3333333333333333 0.6683333333333333 0.056666666666666664 0.0625
0 0.3358333333333333 0.46166666666666667 0.050833333333333335 0.049166666666666664
0 0.4 0.43083333333333335 0.058333333333333334 0.056666666666666664
0 0.4625 0.3933333333333333 0.055 0.060833333333333336
0 0.5783333333333334 0.3258333333333333 0.058333333333333334 0.06666666666666667
0 0.6408333333333334 0.2941666666666667 0.058333333333333334 0.060833333333333336
0 0.47333333333333333 0.5191666666666667 0.056666666666666664 0.058333333333333334
0 0.6916666666666667 0.40166666666666667 0.058333333333333334 0.056666666666666664
0 0.49916666666666665 0.6725 0.060833333333333336 0.060833333333333336
0 0.5516666666666666 0.6408333333333334 0.056666666666666664 0.0625
0 0.6083333333333333 0.6066666666666667 0.056666666666666664 0.060833333333333336
0 0.6633333333333333 0.58 0.056666666666666664 0.06666666666666667
0 0.8283333333333334 0.49083333333333334 0.055 0.06833333333333333
0 0.8808333333333334 0.4608333333333333 0.058333333333333334 0.06666666666666667
0 0.9783333333333334 0.39916666666666667 0.03916666666666667 0.06833333333333333