0 0.5658333333333333 0.8958333333333334 0.028333333333333332 0.0325
0 0.9216666666666666 0.7816666666666666 0.019166666666666665 0.023333333333333334
0 0.6341666666666667 0.7408333333333333 0.023333333333333334 0.020833333333333332
0 0.6341666666666667 0.7125 0.02666666666666667 0.02666666666666667
0 0.6483333333333333 0.6433333333333333 0.025 0.023333333333333334
0 0.72 0.6433333333333333 0.023333333333333334 0.030833333333333334
0 0.48083333333333333 0.5475 0.015 0.015
0 0.44333333333333336 0.5458333333333333 0.0175 0.019166666666666665
0 0.3025 0.5325 0.015 0.023333333333333334
0 0.005833333333333334 0.5316666666666666 0.011666666666666667 0.04416666666666667
0 0.3358333333333333 0.5308333333333334 0.013333333333333334 0.019166666666666665
0 0.4075 0.5283333333333333 0.0175 0.019166666666666665
0 0.31916666666666665 0.5208333333333334 0.0175 0.023333333333333334
0 0.33916666666666667 0.5083333333333333 0.015 0.025
0 0.14333333333333334 0.5083333333333333 0.023333333333333334 0.025
0 0.4058333333333333 0.5025 0.015 0.0175
0 0.21083333333333334 0.49916666666666665 0.019166666666666665 0.009166666666666667
0 0.18333333333333332 0.49166666666666664 0.020833333333333332 0.025
0 0.2941666666666667 0.4891666666666667 0.025 0.020833333333333332
0 0.33416666666666667 0.4866666666666667 0.020833333333333332 0.023333333333333334
0 0.21833333333333332 0.485 0.015 0.015
0 0.44666666666666666 0.4825 0.019166666666666665 0.015
0 0.2608333333333333 0.48083333333333333 0.015 0.015
0 0.49083333333333334 0.44333333333333336 0.015 0.0175
0 0.21416666666666667 0.1725 0.02666666666666667 0.023333333333333334
0 0.31833333333333336 0.12083333333333333 0.02666666666666667 0.023333333333333334