0 0.7841666666666667 0.64 0.04083333333333333 0.045
0 0.5625 0.6291666666666667 0.050833333333333335 0.050833333333333335
0 0.625 0.7558333333333334 0.043333333333333335 0.03916666666666667
0 0.6691666666666667 0.8058333333333333 0.045 0.04083333333333333
0 0.5358333333333334 0.4875 0.04083333333333333 0.049166666666666664
0 0.48833333333333334 0.43083333333333335 0.043333333333333335 0.045
0 0.3975 0.12416666666666666 0.056666666666666664 0.049166666666666664
0 0.23833333333333334 0.23416666666666666 0.055 0.043333333333333335
0 0.4225 0.20416666666666666 0.04083333333333333 0.045
0 0.255 0.30583333333333335 0.056666666666666664 0.049166666666666664
0 0.27416666666666667 0.37083333333333335 0.049166666666666664 0.04666666666666667
0 0.29583333333333334 0.44666666666666666 0.0375 0.0375
0 0.7275 0.6066666666666667 0.045 0.049166666666666664
0 0.8566666666666667 0.65 0.025 0.0275
0 0.9075 0.6825 0.0375 0.0375
0 0.8416666666666667 0.8241666666666667 0.03916666666666667 0.035
0 0.8191666666666667 0.8575 0.0375 0.035
0 0.32916666666666666 0.515 0.045 0.0375