0 0.9691666666666666 0.4575 0.028333333333333332 0.025
0 0.9583333333333334 0.44666666666666666 0.016666666666666666 0.016666666666666666
0 0.92 0.4625 0.03833333333333333 0.025
0 0.9358333333333333 0.44333333333333336 0.023333333333333334 0.02
0 0.9616666666666667 0.4275 0.023333333333333334 0.02
0 0.935 0.42 0.03166666666666667 0.025
0 0.865 0.45 0.028333333333333332 0.02666666666666667
0 0.9475 0.37083333333333335 0.028333333333333332 0.03666666666666667
0 0.92 0.37 0.025 0.035
0 0.895 0.37916666666666665 0.021666666666666667 0.03666666666666667
0 0.8691666666666666 0.37583333333333335 0.02666666666666667 0.03333333333333333
0 0.8466666666666667 0.36583333333333334 0.028333333333333332 0.03333333333333333
0 0.8183333333333334 0.3625 0.028333333333333332 0.03666666666666667
0 0.7725 0.2808333333333333 0.04833333333333333 0.025
0 0.7791666666666667 0.2475 0.03833333333333333 0.035
0 0.725 0.2825 0.013333333333333334 0.018333333333333333
0 0.6983333333333334 0.2783333333333333 0.016666666666666666 0.02
0 0.7458333333333333 0.25666666666666665 0.018333333333333333 0.013333333333333334
0 0.73 0.2525 0.016666666666666666 0.015
0 0.7083333333333334 0.24916666666666668 0.023333333333333334 0.015
0 0.7016666666666667 0.42916666666666664 0.04 0.03333333333333333
0 0.655 0.43 0.028333333333333332 0.03833333333333333
0 0.6283333333333333 0.3458333333333333 0.021666666666666667 0.023333333333333334
0 0.5683333333333334 0.43333333333333335 0.055 0.051666666666666666
0 0.4658333333333333 0.4091666666666667 0.041666666666666664 0.03666666666666667
0 0.4241666666666667 0.31166666666666665 0.04 0.05
0 0.3566666666666667 0.4066666666666667 0.028333333333333332 0.028333333333333332
0 0.30416666666666664 0.4025 0.03166666666666667 0.03666666666666667
0 0.32166666666666666 0.46 0.021666666666666667 0.02666666666666667
0 0.2925 0.46 0.035 0.03
0 0.2625 0.43583333333333335 0.04833333333333333 0.03666666666666667
0 0.2791666666666667 0.30083333333333334 0.025 0.03166666666666667
0 0.24833333333333332 0.2966666666666667 0.02666666666666667 0.03333333333333333
0 0.18833333333333332 0.2875 0.02666666666666667 0.035
0 0.1275 0.2816666666666667 0.03 0.03333333333333333
0 0.175 0.2075 0.058333333333333334 0.06166666666666667