0 0.5675 0.2975 0.045 0.04666666666666667
0 0.5108333333333334 0.29083333333333333 0.045 0.04083333333333333
0 0.4558333333333333 0.2941666666666667 0.03916666666666667 0.05
0 0.20416666666666666 0.5608333333333333 0.04666666666666667 0.05
0 0.11166666666666666 0.5616666666666666 0.045 0.0525
0 0.060833333333333336 0.56 0.0425 0.0525
0 0.6225 0.3825 0.03166666666666667 0.0375
0 0.2966666666666667 0.39166666666666666 0.04833333333333333 0.06
0 0.7825 0.385 0.028333333333333332 0.024166666666666666
0 0.55 0.6375 0.0225 0.03166666666666667
0 0.3458333333333333 0.6333333333333333 0.016666666666666666 0.024166666666666666
0 0.275 0.6383333333333333 0.020833333333333332 0.025833333333333333
0 0.33416666666666667 0.6508333333333334 0.018333333333333333 0.025833333333333333
0 0.7533333333333333 0.7841666666666667 0.03333333333333333 0.03916666666666667
0 0.595 0.815 0.0375 0.045
0 0.6608333333333334 0.8366666666666667 0.018333333333333333 0.016666666666666666
0 0.6591666666666667 0.8641666666666666 0.020833333333333332 0.0225
0 0.7183333333333334 0.9875 0.0525 0.020833333333333332
0 0.5458333333333333 0.9908333333333333 0.05 0.015
0 0.6408333333333334 0.125 0.024166666666666666 0.018333333333333333