0 0.675 0.8 0.0625 0.06833333333333333
0 0.6041666666666666 0.7208333333333333 0.03833333333333333 0.05
0 0.5625 0.7116666666666667 0.029166666666666667 0.0425
0 0.665 0.5766666666666667 0.035 0.04583333333333333
0 0.605 0.5616666666666666 0.04083333333333333 0.04583333333333333
0 0.9491666666666667 0.5508333333333333 0.03833333333333333 0.04583333333333333
0 0.5458333333333333 0.5483333333333333 0.04083333333333333 0.04833333333333333
0 0.7558333333333334 0.44583333333333336 0.06416666666666666 0.06833333333333333
0 0.6383333333333333 0.405 0.04083333333333333 0.0425
0 0.595 0.39666666666666667 0.03833333333333333 0.04083333333333333
0 0.5058333333333334 0.9783333333333334 0.055 0.04
0 0.5741666666666667 0.1625 0.04083333333333333 0.04416666666666667
0 0.8016666666666666 0.16166666666666665 0.0425 0.05333333333333334
0 0.6658333333333334 0.955 0.04083333333333333 0.04583333333333333
0 0.8433333333333334 0.08416666666666667 0.055 0.0425
0 0.6258333333333334 0.9508333333333333 0.03666666666666667 0.04583333333333333
0 0.5825 0.9416666666666667 0.03833333333333333 0.04583333333333333
0 0.4558333333333333 0.91 0.04083333333333333 0.055