0 0.0125 0.018333333333333333 0.021666666666666667 0.03666666666666667
0 0.36583333333333334 0.3875 0.03 0.020833333333333332
0 0.3725 0.44 0.035833333333333335 0.025833333333333333
0 0.37333333333333335 0.4625 0.03333333333333333 0.0225
0 0.37166666666666665 0.4891666666666667 0.0375 0.0225
0 0.37416666666666665 0.5133333333333333 0.035833333333333335 0.0225
0 0.425 0.4558333333333333 0.03333333333333333 0.028333333333333332
0 0.4325 0.4825 0.0375 0.028333333333333332
0 0.4325 0.5058333333333334 0.03333333333333333 0.0225
0 0.43083333333333335 0.5841666666666666 0.03 0.025833333333333333
0 0.3958333333333333 0.5891666666666666 0.03 0.025833333333333333
0 0.4791666666666667 0.5783333333333334 0.025833333333333333 0.0225
0 0.4816666666666667 0.6233333333333333 0.0225 0.018333333333333333
0 0.48583333333333334 0.665 0.020833333333333332 0.020833333333333332