0 0.545 0.495 0.028333333333333332 0.0325
0 0.9941666666666666 0.6533333333333333 0.008333333333333333 0.04666666666666667
0 0.4666666666666667 0.41 0.015833333333333335 0.021666666666666667
0 0.41 0.3925 0.018333333333333333 0.018333333333333333
0 0.38333333333333336 0.3875 0.014166666666666666 0.010833333333333334
0 0.355 0.3775 0.014166666666666666 0.02
0 0.3258333333333333 0.36583333333333334 0.014166666666666666 0.014166666666666666
0 0.06666666666666667 0.3258333333333333 0.025 0.035833333333333335
0 0.07416666666666667 0.2791666666666667 0.034166666666666665 0.028333333333333332
0 0.025 0.30416666666666664 0.025 0.030833333333333334
0 0.005 0.2875 0.0075 0.04083333333333333
0 0.013333333333333334 0.2575 0.023333333333333334 0.030833333333333334
0 0.7466666666666667 0.9183333333333333 0.030833333333333334 0.02666666666666667
0 0.43 0.32916666666666666 0.014166666666666666 0.015833333333333335
0 0.4033333333333333 0.31166666666666665 0.014166666666666666 0.014166666666666666
0 0.37666666666666665 0.3016666666666667 0.018333333333333333 0.02
0 0.555 0.2808333333333333 0.0125 0.0125
0 0.5766666666666667 0.2775 0.010833333333333334 0.018333333333333333
0 0.5608333333333333 0.2683333333333333 0.014166666666666666 0.015833333333333335
0 0.5008333333333334 0.23333333333333334 0.015833333333333335 0.018333333333333333
0 0.4891666666666667 0.22083333333333333 0.014166666666666666 0.010833333333333334
0 0.5091666666666667 0.22166666666666668 0.014166666666666666 0.015833333333333335
0 0.49666666666666665 0.2075 0.014166666666666666 0.014166666666666666