0 0.9475 0.36583333333333334 0.058333333333333334 0.06833333333333333
0 0.8058333333333333 0.6525 0.04 0.050833333333333335
0 0.8141666666666667 0.155 0.0375 0.034166666666666665
0 0.7133333333333334 0.1775 0.04 0.04
0 0.6716666666666666 0.19583333333333333 0.043333333333333335 0.043333333333333335
0 0.5391666666666667 0.20833333333333334 0.0475 0.04583333333333333
0 0.37333333333333335 0.22083333333333333 0.049166666666666664 0.043333333333333335
0 0.3466666666666667 0.1125 0.060833333333333336 0.050833333333333335
0 0.13833333333333334 0.30583333333333335 0.034166666666666665 0.0475
0 0.1975 0.4083333333333333 0.035833333333333335 0.035833333333333335
0 0.019166666666666665 0.43 0.034166666666666665 0.034166666666666665
0 0.2808333333333333 0.7016666666666667 0.043333333333333335 0.035833333333333335
0 0.23166666666666666 0.8191666666666667 0.0325 0.04
0 0.18583333333333332 0.7475 0.049166666666666664 0.043333333333333335
0 0.32916666666666666 0.9108333333333334 0.041666666666666664 0.0375
0 0.24833333333333332 0.8683333333333333 0.049166666666666664 0.0475
0 0.12 0.9108333333333334 0.04 0.034166666666666665
0 0.115 0.9575 0.035833333333333335 0.0325