0 0.0425 0.5975 0.034166666666666665 0.045
0 0.43666666666666665 0.6591666666666667 0.030833333333333334 0.0325
0 0.7191666666666666 0.6908333333333333 0.02666666666666667 0.030833333333333334
0 0.8375 0.6775 0.023333333333333334 0.035833333333333335
0 0.93 0.5625 0.028333333333333332 0.0325
0 0.8875 0.5558333333333333 0.025 0.0325
0 0.8408333333333333 0.5458333333333333 0.021666666666666667 0.02666666666666667
0 0.7833333333333333 0.5358333333333334 0.025 0.0325
0 0.7033333333333334 0.5275 0.034166666666666665 0.034166666666666665
0 0.5925 0.5241666666666667 0.04083333333333333 0.04083333333333333
0 0.43083333333333335 0.5 0.04083333333333333 0.035833333333333335
0 0.33666666666666667 0.4841666666666667 0.03916666666666667 0.05