0 0.5933333333333334 0.9066666666666666 0.0675 0.08166666666666667
0 0.6633333333333333 0.86 0.06916666666666667 0.08333333333333333
0 0.7575 0.8058333333333333 0.09833333333333333 0.09666666666666666
0 0.27416666666666667 0.5641666666666667 0.05416666666666667 0.060833333333333336
0 0.3175 0.485 0.059166666666666666 0.0575
0 0.1375 0.33 0.095 0.08333333333333333
0 0.22833333333333333 0.25833333333333336 0.08 0.07666666666666666
0 0.4125 0.44083333333333335 0.09333333333333334 0.105
0 0.505 0.3625 0.08833333333333333 0.095
0 0.5941666666666666 0.2875 0.08333333333333333 0.1
0 0.6825 0.04666666666666667 0.0625 0.059166666666666666
0 0.555 0.6066666666666667 0.1 0.10166666666666667
0 0.735 0.6175 0.10333333333333333 0.10333333333333333
0 0.0225 0.9775 0.045 0.041666666666666664