0 0.015833333333333335 0.6333333333333333 0.030833333333333334 0.058333333333333334
0 0.011666666666666667 0.5008333333333334 0.023333333333333334 0.06416666666666666
0 0.12833333333333333 0.6208333333333333 0.05333333333333334 0.050833333333333335
0 0.13083333333333333 0.6916666666666667 0.056666666666666664 0.0475
0 0.415 0.5458333333333333 0.056666666666666664 0.07333333333333333
0 0.47833333333333333 0.5566666666666666 0.050833333333333335 0.06583333333333333
0 0.7475 0.6433333333333333 0.05333333333333334 0.05333333333333334
0 0.825 0.705 0.06583333333333333 0.049166666666666664
0 0.9891666666666666 0.5975 0.018333333333333333 0.05333333333333334
0 0.8075 0.8983333333333333 0.0675 0.06416666666666666
0 0.7658333333333334 0.7816666666666666 0.05333333333333334 0.05333333333333334