0 0.5241666666666667 0.66 0.035833333333333335 0.03916666666666667
0 0.5866666666666667 0.7125 0.0325 0.034166666666666665
0 0.6775 0.7866666666666666 0.02666666666666667 0.018333333333333333
0 0.42833333333333334 0.5783333333333334 0.028333333333333332 0.0325
0 0.4875 0.6341666666666667 0.021666666666666667 0.021666666666666667
0 0.6591666666666667 0.7283333333333334 0.02 0.016666666666666666
0 0.6958333333333333 0.7508333333333334 0.016666666666666666 0.018333333333333333
0 0.3225 0.49166666666666664 0.02 0.016666666666666666
0 0.6458333333333334 0.8075 0.018333333333333333 0.02
0 0.32166666666666666 0.525 0.018333333333333333 0.016666666666666666
0 0.3975 0.5041666666666667 0.015 0.015
0 0.49333333333333335 0.5991666666666666 0.02 0.018333333333333333
0 0.5875 0.675 0.016666666666666666 0.018333333333333333