0 0.805 0.735 0.0425 0.03666666666666667
0 0.9191666666666667 0.7541666666666667 0.03833333333333333 0.051666666666666666
0 0.8391666666666666 0.7758333333333334 0.04583333333333333 0.05333333333333334
0 0.78 0.7933333333333333 0.04583333333333333 0.0575
0 0.8808333333333334 0.495 0.06166666666666667 0.0475
0 0.7166666666666667 0.4741666666666667 0.030833333333333334 0.0325
0 0.85 0.35 0.0325 0.028333333333333332
0 0.805 0.3675 0.034166666666666665 0.034166666666666665
0 0.7066666666666667 0.3975 0.034166666666666665 0.028333333333333332
0 0.6533333333333333 0.37 0.02666666666666667 0.023333333333333334
0 0.8325 0.22333333333333333 0.051666666666666666 0.04416666666666667
0 0.7958333333333333 0.20083333333333334 0.03666666666666667 0.023333333333333334
0 0.7633333333333333 0.17166666666666666 0.0325 0.028333333333333332
0 0.7291666666666666 0.18833333333333332 0.0325 0.03666666666666667
0 0.5841666666666666 0.24166666666666667 0.030833333333333334 0.02666666666666667
0 0.5791666666666667 0.2708333333333333 0.0325 0.020833333333333332
0 0.5366666666666666 0.18 0.03833333333333333 0.030833333333333334
0 0.6858333333333333 0.095 0.05333333333333334 0.04
0 0.62 0.1675 0.0325 0.0325
0 0.4116666666666667 0.009166666666666667 0.04 0.018333333333333333
0 0.39166666666666666 0.028333333333333332 0.028333333333333332 0.030833333333333334
0 0.4483333333333333 0.2175 0.034166666666666665 0.0325
0 0.37666666666666665 0.23333333333333334 0.03666666666666667 0.02666666666666667
0 0.3416666666666667 0.1775 0.0325 0.025
0 0.21833333333333332 0.175 0.030833333333333334 0.028333333333333332
0 0.23833333333333334 0.1975 0.028333333333333332 0.030833333333333334
0 0.26666666666666666 0.21666666666666667 0.030833333333333334 0.030833333333333334
0 0.2891666666666667 0.23916666666666667 0.034166666666666665 0.023333333333333334
0 0.31166666666666665 0.25916666666666666 0.028333333333333332 0.028333333333333332
0 0.3358333333333333 0.275 0.028333333333333332 0.025
0 0.2075 0.30916666666666665 0.0475 0.051666666666666666
0 0.16 0.2925 0.03666666666666667 0.04
0 0.14 0.2683333333333333 0.034166666666666665 0.02666666666666667
0 0.0425 0.275 0.03833333333333333 0.04
0 0.12833333333333333 0.20083333333333334 0.034166666666666665 0.02666666666666667
0 0.1175 0.16666666666666666 0.04416666666666667 0.023333333333333334
0 0.09583333333333334 0.0975 0.03833333333333333 0.030833333333333334
0 0.0825 0.0275 0.0425 0.028333333333333332
0 0.18583333333333332 0.08166666666666667 0.034166666666666665 0.025
0 0.17166666666666666 0.04583333333333333 0.04 0.023333333333333334
0 0.1625 0.013333333333333334 0.0425 0.02666666666666667
0 0.24083333333333334 0.41083333333333333 0.03666666666666667 0.025
0 0.25416666666666665 0.49416666666666664 0.05583333333333333 0.03833333333333333
0 0.06833333333333333 0.6158333333333333 0.0325 0.03666666666666667
0 0.2833333333333333 0.5766666666666667 0.0425 0.02666666666666667
0 0.2941666666666667 0.6191666666666666 0.03666666666666667 0.02666666666666667
0 0.3025 0.6658333333333334 0.06166666666666667 0.04416666666666667
0 0.24833333333333332 0.7741666666666667 0.0325 0.030833333333333334
0 0.3958333333333333 0.7566666666666667 0.028333333333333332 0.03833333333333333
0 0.38083333333333336 0.7858333333333334 0.030833333333333334 0.02666666666666667
0 0.37666666666666665 0.86 0.04 0.030833333333333334
0 0.38666666666666666 0.9475 0.03833333333333333 0.0325
0 0.36083333333333334 0.9741666666666666 0.03666666666666667 0.04
0 0.3258333333333333 0.9833333333333333 0.030833333333333334 0.028333333333333332
0 0.3 0.9666666666666667 0.03666666666666667 0.028333333333333332
0 0.2775 0.9033333333333333 0.03833333333333333 0.0325
0 0.2525 0.8075 0.03833333333333333 0.028333333333333332
0 0.29583333333333334 0.75 0.03666666666666667 0.028333333333333332
0 0.4425 0.12833333333333333 0.03833333333333333 0.03833333333333333