0 0.1 0.36833333333333335 0.08 0.09166666666666666
0 0.035 0.4058333333333333 0.07 0.075
0 0.27416666666666667 0.43666666666666665 0.04833333333333333 0.04833333333333333
0 0.31333333333333335 0.4091666666666667 0.04833333333333333 0.0575
0 0.145 0.72 0.08416666666666667 0.075
0 0.30416666666666664 0.5533333333333333 0.08583333333333333 0.08
0 0.42 0.4791666666666667 0.0825 0.09333333333333334
0 0.445 0.2658333333333333 0.05 0.0425
0 0.5575 0.2075 0.06333333333333334 0.05583333333333333
0 0.5625 0.3408333333333333 0.05416666666666667 0.0425
0 0.5875 0.3125 0.04833333333333333 0.04666666666666667
0 0.5991666666666666 0.385 0.0675 0.06166666666666667
0 0.75 0.3225 0.06 0.045
0 0.9066666666666666 0.15416666666666667 0.09333333333333334 0.11
0 0.7733333333333333 0.6391666666666667 0.08416666666666667 0.07666666666666666
0 0.92 0.46 0.0375 0.03916666666666667
0 0.95 0.5016666666666667 0.03333333333333333 0.0375
0 0.9841666666666666 0.4116666666666667 0.028333333333333332 0.0425
0 0.2608333333333333 0.39166666666666666 0.06 0.04833333333333333
0 0.6633333333333333 0.125 0.0725 0.0525