0 0.8991666666666667 0.11416666666666667 0.058333333333333334 0.05333333333333334
0 0.8816666666666667 0.0625 0.03 0.028333333333333332
0 0.9166666666666666 0.29333333333333333 0.03166666666666667 0.028333333333333332
0 0.8541666666666666 0.2758333333333333 0.025 0.03166666666666667
0 0.75 0.32083333333333336 0.02666666666666667 0.02666666666666667
0 0.6916666666666667 0.32166666666666666 0.02666666666666667 0.028333333333333332
0 0.3333333333333333 0.36916666666666664 0.04416666666666667 0.04416666666666667
0 0.2725 0.3775 0.05 0.04666666666666667
0 0.2025 0.37833333333333335 0.05 0.04833333333333333
0 0.11833333333333333 0.4066666666666667 0.02666666666666667 0.034166666666666665
0 0.07583333333333334 0.41 0.03 0.03