0 0.055 0.25083333333333335 0.023333333333333334 0.025
0 0.5316666666666666 0.24 0.06666666666666667 0.07
0 0.6466666666666666 0.10833333333333334 0.04666666666666667 0.0525
0 0.7366666666666667 0.0925 0.043333333333333335 0.045
0 0.9566666666666667 0.24333333333333335 0.0625 0.0725
0 0.9091666666666667 0.23833333333333334 0.04083333333333333 0.043333333333333335
0 0.4683333333333333 0.24083333333333334 0.055 0.06416666666666666
0 0.39916666666666667 0.14916666666666667 0.049166666666666664 0.060833333333333336
0 0.4766666666666667 0.15166666666666667 0.04666666666666667 0.0525
0 0.165 0.195 0.04083333333333333 0.04666666666666667
0 0.2966666666666667 0.23666666666666666 0.043333333333333335 0.043333333333333335
0 0.05583333333333333 0.18583333333333332 0.025 0.0275
0 0.08416666666666667 0.18666666666666668 0.023333333333333334 0.025
0 0.1075 0.18666666666666668 0.0275 0.025
0 0.6575 0.975 0.06416666666666666 0.04666666666666667
0 0.30583333333333335 0.9683333333333334 0.060833333333333336 0.050833333333333335