0 0.4825 0.9433333333333334 0.023333333333333334 0.019166666666666665
0 0.5233333333333333 0.9558333333333333 0.023333333333333334 0.0175
0 0.6883333333333334 0.9616666666666667 0.03333333333333333 0.029166666666666667
0 0.7516666666666667 0.9658333333333333 0.035 0.029166666666666667
0 0.6741666666666667 0.6283333333333333 0.03166666666666667 0.03333333333333333
0 0.7125 0.495 0.03166666666666667 0.03333333333333333
0 0.7258333333333333 0.43166666666666664 0.03333333333333333 0.03166666666666667
0 0.7325 0.3983333333333333 0.03166666666666667 0.03166666666666667
0 0.7991666666666667 0.42083333333333334 0.035 0.04083333333333333
0 0.8575 0.44416666666666665 0.035 0.029166666666666667
0 0.8416666666666667 0.5008333333333334 0.03166666666666667 0.04083333333333333
0 0.8083333333333333 0.5 0.03166666666666667 0.03166666666666667
0 0.6316666666666667 0.4708333333333333 0.0375 0.03166666666666667
0 0.6491666666666667 0.4191666666666667 0.0375 0.03333333333333333
0 0.6575 0.3908333333333333 0.0375 0.03166666666666667
0 0.58 0.35583333333333333 0.03166666666666667 0.03166666666666667
0 0.5675 0.38416666666666666 0.045 0.029166666666666667
0 0.5508333333333333 0.41083333333333333 0.035 0.03333333333333333
0 0.54 0.43833333333333335 0.04083333333333333 0.029166666666666667
0 0.4791666666666667 0.3566666666666667 0.04083333333333333 0.03333333333333333
0 0.48833333333333334 0.3275 0.03916666666666667 0.0375
0 0.5008333333333334 0.30083333333333334 0.045 0.035
0 0.5016666666666667 0.2658333333333333 0.04666666666666667 0.035
0 0.5133333333333333 0.2325 0.050833333333333335 0.035
0 0.5208333333333334 0.20416666666666666 0.045 0.03333333333333333
0 0.5283333333333333 0.17666666666666667 0.045 0.029166666666666667
0 0.5383333333333333 0.14333333333333334 0.045 0.03333333333333333
0 0.43583333333333335 0.3308333333333333 0.03166666666666667 0.029166666666666667
0 0.4266666666666667 0.31083333333333335 0.029166666666666667 0.0275
0 0.4091666666666667 0.28583333333333333 0.029166666666666667 0.029166666666666667
0 0.32416666666666666 0.4083333333333333 0.035 0.03166666666666667
0 0.31416666666666665 0.37333333333333335 0.035 0.03166666666666667
0 0.2941666666666667 0.3516666666666667 0.029166666666666667 0.03166666666666667
0 0.2733333333333333 0.3258333333333333 0.035 0.03166666666666667
0 0.1825 0.36833333333333335 0.04083333333333333 0.029166666666666667
0 0.19666666666666666 0.39 0.0375 0.029166666666666667
0 0.21166666666666667 0.415 0.0375 0.029166666666666667
0 0.235 0.43333333333333335 0.03333333333333333 0.03166666666666667