0 0.255 0.22666666666666666 0.06833333333333333 0.0725
0 0.385 0.2225 0.03333333333333333 0.03666666666666667
0 0.44416666666666665 0.21333333333333335 0.0775 0.07416666666666667
0 0.5366666666666666 0.2 0.05583333333333333 0.07
0 0.6608333333333334 0.19666666666666666 0.051666666666666666 0.05583333333333333
0 0.755 0.18833333333333332 0.0425 0.05
0 0.36083333333333334 0.48583333333333334 0.04416666666666667 0.05333333333333334
0 0.4241666666666667 0.65 0.04833333333333333 0.051666666666666666
0 0.5908333333333333 0.6383333333333333 0.04416666666666667 0.05333333333333334
0 0.8058333333333333 0.38916666666666666 0.07 0.06666666666666667
0 0.9066666666666666 0.44666666666666666 0.0575 0.06666666666666667
0 0.9691666666666666 0.4008333333333333 0.0575 0.0725
0 0.006666666666666667 0.7166666666666667 0.013333333333333334 0.03