0 0.060833333333333336 0.745 0.0225 0.024166666666666666
0 0.135 0.71 0.019166666666666665 0.020833333333333332
0 0.1425 0.7383333333333333 0.029166666666666667 0.0275
0 0.1475 0.7966666666666666 0.0225 0.020833333333333332
0 0.15583333333333332 0.8325 0.0325 0.034166666666666665
0 0.1925 0.8333333333333334 0.025833333333333333 0.029166666666666667
0 0.22083333333333333 0.82 0.020833333333333332 0.0225
0 0.22666666666666666 0.7841666666666667 0.0225 0.020833333333333332
0 0.22083333333333333 0.715 0.024166666666666666 0.0225
0 0.22 0.6925 0.025833333333333333 0.019166666666666665
0 0.33166666666666667 0.6916666666666667 0.025833333333333333 0.020833333333333332
0 0.37416666666666665 0.8008333333333333 0.034166666666666665 0.0325
0 0.45 0.7966666666666666 0.030833333333333334 0.030833333333333334
0 0.445 0.7141666666666666 0.024166666666666666 0.020833333333333332
0 0.5733333333333334 0.685 0.025833333333333333 0.025833333333333333
0 0.5916666666666667 0.7108333333333333 0.020833333333333332 0.0225
0 0.6691666666666667 0.775 0.034166666666666665 0.035833333333333335
0 0.7141666666666666 0.755 0.0275 0.0275
0 0.6941666666666667 0.6841666666666667 0.029166666666666667 0.030833333333333334
0 0.6516666666666666 0.6191666666666666 0.024166666666666666 0.024166666666666666
0 0.6191666666666666 0.5958333333333333 0.03833333333333333 0.035833333333333335
0 0.2841666666666667 0.9725 0.024166666666666666 0.024166666666666666
0 0.5958333333333333 0.8466666666666667 0.025833333333333333 0.024166666666666666
0 0.8033333333333333 0.8291666666666667 0.0275 0.024166666666666666
0 0.9491666666666667 0.8641666666666666 0.025833333333333333 0.024166666666666666
0 0.9866666666666667 0.6 0.023333333333333334 0.043333333333333335
0 0.825 0.15583333333333332 0.035833333333333335 0.035833333333333335
0 0.8275 0.195 0.03833333333333333 0.030833333333333334
0 0.8033333333333333 0.235 0.034166666666666665 0.0325
0 0.7675 0.29 0.024166666666666666 0.024166666666666666
0 0.6558333333333334 0.13083333333333333 0.04 0.03833333333333333
0 0.5266666666666666 0.17416666666666666 0.0225 0.020833333333333332
0 0.5591666666666667 0.21833333333333332 0.0325 0.029166666666666667
0 0.5366666666666666 0.25 0.035833333333333335 0.030833333333333334
0 0.5083333333333333 0.275 0.020833333333333332 0.0225
0 0.49333333333333335 0.3016666666666667 0.020833333333333332 0.020833333333333332
0 0.42916666666666664 0.30416666666666664 0.020833333333333332 0.0225
0 0.3433333333333333 0.16416666666666666 0.020833333333333332 0.0275
0 0.315 0.18916666666666668 0.025833333333333333 0.0225
0 0.30916666666666665 0.22083333333333333 0.0225 0.020833333333333332
0 0.30333333333333334 0.25083333333333335 0.024166666666666666 0.019166666666666665
0 0.2991666666666667 0.2775 0.025833333333333333 0.020833333333333332
0 0.29583333333333334 0.3025 0.029166666666666667 0.019166666666666665
0 0.18 0.2683333333333333 0.025833333333333333 0.019166666666666665
0 0.18 0.23583333333333334 0.025833333333333333 0.020833333333333332
0 0.1775 0.21 0.024166666666666666 0.020833333333333332
0 0.16583333333333333 0.17916666666666667 0.030833333333333334 0.030833333333333334
0 0.1075 0.17916666666666667 0.04 0.041666666666666664
0 0.09333333333333334 0.22166666666666668 0.024166666666666666 0.0225
0 0.09833333333333333 0.2525 0.0275 0.0225
0 0.09833333333333333 0.2841666666666667 0.030833333333333334 0.020833333333333332
0 0.024166666666666666 0.31666666666666665 0.024166666666666666 0.019166666666666665
0 0.0175 0.25083333333333335 0.0275 0.0225
0 0.015833333333333335 0.2275 0.0275 0.020833333333333332