0 0.15916666666666668 0.1175 0.0825 0.0875
0 0.25083333333333335 0.12 0.075 0.0825
0 0.2808333333333333 0.2658333333333333 0.04833333333333333 0.0625
0 0.31666666666666665 0.40166666666666667 0.0375 0.03916666666666667
0 0.17666666666666667 0.5008333333333334 0.030833333333333334 0.0375
0 0.21583333333333332 0.5033333333333333 0.030833333333333334 0.04666666666666667
0 0.09166666666666666 0.12166666666666667 0.028333333333333332 0.0325
0 0.3466666666666667 0.06916666666666667 0.034166666666666665 0.030833333333333334
0 0.7433333333333333 0.49666666666666665 0.06416666666666666 0.05416666666666667
0 0.7225 0.5433333333333333 0.0575 0.05
0 0.195 0.5975 0.028333333333333332 0.04083333333333333
0 0.17833333333333334 0.6216666666666667 0.034166666666666665 0.043333333333333335
0 0.76 0.025 0.06416666666666666 0.05
0 0.8683333333333333 0.15916666666666668 0.04833333333333333 0.04666666666666667
0 0.9625 0.2783333333333333 0.05 0.04833333333333333
0 0.8583333333333333 0.2791666666666667 0.04666666666666667 0.060833333333333336
0 0.745 0.3325 0.051666666666666666 0.051666666666666666