0 0.5691666666666667 0.7725 0.035833333333333335 0.034166666666666665
0 0.37916666666666665 0.8083333333333333 0.0325 0.0375
0 0.3516666666666667 0.7666666666666667 0.0325 0.035833333333333335
0 0.565 0.6416666666666667 0.04833333333333333 0.06666666666666667
0 0.5025 0.62 0.05 0.07166666666666667
0 0.77 0.6558333333333334 0.035833333333333335 0.04833333333333333
0 0.73 0.6208333333333333 0.035833333333333335 0.035833333333333335
0 0.72 0.5825 0.05333333333333334 0.034166666666666665
0 0.8208333333333333 0.6416666666666667 0.0425 0.035833333333333335
0 0.8391666666666666 0.6033333333333334 0.04083333333333333 0.03916666666666667
0 0.9058333333333334 0.5791666666666667 0.04083333333333333 0.0375
0 0.935 0.545 0.04416666666666667 0.035833333333333335
0 0.9225 0.45666666666666667 0.0425 0.03916666666666667
0 0.925 0.3725 0.04416666666666667 0.035833333333333335
0 0.9608333333333333 0.26666666666666666 0.058333333333333334 0.03916666666666667
0 0.935 0.22583333333333333 0.055 0.04083333333333333
0 0.9441666666666667 0.11833333333333333 0.03916666666666667 0.0375
0 0.7258333333333333 0.24416666666666667 0.07916666666666666 0.056666666666666664
0 0.7275 0.30666666666666664 0.07916666666666666 0.055
0 0.7408333333333333 0.17916666666666667 0.08083333333333333 0.06333333333333334
0 0.7266666666666667 0.49083333333333334 0.056666666666666664 0.04583333333333333
0 0.535 0.185 0.0875 0.09583333333333334
0 0.5858333333333333 0.4025 0.0825 0.06166666666666667
0 0.43916666666666665 0.4266666666666667 0.056666666666666664 0.058333333333333334
0 0.31333333333333335 0.3416666666666667 0.055 0.06333333333333334
0 0.25 0.24666666666666667 0.0925 0.11
0 0.37 0.049166666666666664 0.07916666666666666 0.06333333333333334
0 0.16333333333333333 0.2758333333333333 0.06333333333333334 0.06833333333333333