0 0.3641666666666667 0.8675 0.05 0.05333333333333334
0 0.36666666666666664 0.8225 0.0625 0.0575
0 0.0275 0.555 0.051666666666666666 0.045
0 0.12833333333333333 0.4925 0.04833333333333333 0.043333333333333335
0 0.055 0.4841666666666667 0.0625 0.04833333333333333
0 0.09833333333333333 0.1975 0.04833333333333333 0.045
0 0.2625 0.22416666666666665 0.05 0.05333333333333334
0 0.245 0.13083333333333333 0.05333333333333334 0.060833333333333336
0 0.7441666666666666 0.2475 0.041666666666666664 0.04833333333333333
0 0.6966666666666667 0.24916666666666668 0.04666666666666667 0.045
0 0.8375 0.0775 0.055 0.041666666666666664
0 0.965 0.8491666666666666 0.06583333333333333 0.0725
0 0.5391666666666667 0.16083333333333333 0.05333333333333334 0.045