0 0.84 0.8125 0.0675 0.06916666666666667
0 0.8083333333333333 0.25583333333333336 0.0625 0.07083333333333333
0 0.6858333333333333 0.38333333333333336 0.06583333333333333 0.055
0 0.66 0.46 0.07833333333333334 0.07333333333333333
0 0.6508333333333334 0.64 0.07833333333333334 0.07333333333333333
0 0.8008333333333333 0.030833333333333334 0.056666666666666664 0.058333333333333334
0 0.6541666666666667 0.7208333333333333 0.07333333333333333 0.0675
0 0.6558333333333334 0.9366666666666666 0.08 0.07333333333333333
0 0.6525 0.99 0.08333333333333333 0.015833333333333335
0 0.19 0.9691666666666666 0.06416666666666666 0.058333333333333334
0 0.15666666666666668 0.22083333333333333 0.056666666666666664 0.06416666666666666
0 0.2975 0.3258333333333333 0.06416666666666666 0.060833333333333336
0 0.3416666666666667 0.3933333333333333 0.0675 0.06416666666666666
0 0.37166666666666665 0.4625 0.07833333333333334 0.0675
0 0.38 0.64 0.08 0.06916666666666667
0 0.3825 0.7275 0.07833333333333334 0.07083333333333333
0 0.3625 0.84 0.04083333333333333 0.0425