0 0.9908333333333333 0.22833333333333333 0.015 0.02666666666666667
0 0.9516666666666667 0.2375 0.024166666666666666 0.028333333333333332
0 0.9025 0.255 0.02666666666666667 0.03166666666666667
0 0.9891666666666666 0.25833333333333336 0.018333333333333333 0.02666666666666667
0 0.8375 0.2658333333333333 0.020833333333333332 0.028333333333333332
0 0.8666666666666667 0.2675 0.02666666666666667 0.03166666666666667
0 0.9891666666666666 0.2758333333333333 0.018333333333333333 0.028333333333333332
0 0.8433333333333334 0.28833333333333333 0.020833333333333332 0.03166666666666667
0 0.9883333333333333 0.3 0.02 0.02666666666666667
0 0.8891666666666667 0.31083333333333335 0.0225 0.03166666666666667
0 0.8441666666666666 0.31333333333333335 0.02666666666666667 0.024166666666666666
0 0.8691666666666666 0.325 0.020833333333333332 0.02666666666666667
0 0.9883333333333333 0.335 0.02 0.02
0 0.8466666666666667 0.34 0.024166666666666666 0.02666666666666667
0 0.9033333333333333 0.36083333333333334 0.020833333333333332 0.03
0 0.8758333333333334 0.36333333333333334 0.0225 0.03166666666666667
0 0.8483333333333334 0.37416666666666665 0.020833333333333332 0.02666666666666667
0 0.4725 0.37916666666666665 0.05416666666666667 0.06166666666666667
0 0.8908333333333334 0.39666666666666667 0.0225 0.0225
0 0.235 0.5525 0.03 0.0375
0 0.9125 0.9475 0.013333333333333334 0.015
0 0.8908333333333334 0.9533333333333334 0.011666666666666667 0.015
0 0.8483333333333334 0.9566666666666667 0.013333333333333334 0.019166666666666665
0 0.8691666666666666 0.9583333333333334 0.013333333333333334 0.015
0 0.83 0.96 0.016666666666666666 0.016666666666666666
0 0.8083333333333333 0.9633333333333334 0.011666666666666667 0.020833333333333332
0 0.9916666666666667 0.9883333333333333 0.013333333333333334 0.02