0 0.019166666666666665 0.8841666666666667 0.03833333333333333 0.04
0 0.11083333333333334 0.8641666666666666 0.023333333333333334 0.030833333333333334
0 0.12333333333333334 0.775 0.020833333333333332 0.025
0 0.030833333333333334 0.7425 0.034166666666666665 0.0325
0 0.0375 0.6933333333333334 0.04 0.04583333333333333
0 0.14 0.6408333333333334 0.023333333333333334 0.028333333333333332
0 0.15 0.5516666666666666 0.020833333333333332 0.030833333333333334
0 0.05333333333333334 0.6083333333333333 0.03833333333333333 0.028333333333333332
0 0.1625 0.4425 0.02666666666666667 0.030833333333333334
0 0.19083333333333333 0.355 0.028333333333333332 0.028333333333333332
0 0.27416666666666667 0.37416666666666665 0.03833333333333333 0.04416666666666667
0 0.36666666666666664 0.2733333333333333 0.04416666666666667 0.04416666666666667
0 0.36916666666666664 0.22166666666666668 0.0325 0.028333333333333332
0 0.45 0.23166666666666666 0.030833333333333334 0.02666666666666667
0 0.37916666666666665 0.3308333333333333 0.03833333333333333 0.04416666666666667
0 0.6066666666666667 0.21 0.0475 0.03666666666666667
0 0.59 0.14333333333333334 0.02666666666666667 0.02666666666666667
0 0.57 0.12 0.0325 0.028333333333333332
0 0.5383333333333333 0.08916666666666667 0.034166666666666665 0.03666666666666667
0 0.4766666666666667 0.043333333333333335 0.034166666666666665 0.04
0 0.9216666666666666 0.095 0.030833333333333334 0.03666666666666667
0 0.8841666666666667 0.10916666666666666 0.028333333333333332 0.03833333333333333
0 0.8091666666666667 0.14833333333333334 0.028333333333333332 0.0325
0 0.7858333333333334 0.16583333333333333 0.023333333333333334 0.028333333333333332
0 0.7708333333333334 0.19333333333333333 0.020833333333333332 0.02666666666666667
0 0.7541666666666667 0.22916666666666666 0.03666666666666667 0.03666666666666667
0 0.7475 0.30583333333333335 0.030833333333333334 0.025
0 0.7425 0.35 0.028333333333333332 0.028333333333333332
0 0.7366666666666667 0.3933333333333333 0.028333333333333332 0.020833333333333332
0 0.73 0.4508333333333333 0.02666666666666667 0.020833333333333332
0 0.7225 0.49833333333333335 0.02666666666666667 0.023333333333333334
0 0.595 0.26416666666666666 0.0325 0.02666666666666667
0 0.5925 0.30333333333333334 0.028333333333333332 0.025
0 0.5891666666666666 0.35 0.04 0.0325
0 0.5658333333333333 0.6533333333333333 0.028333333333333332 0.02666666666666667
0 0.5433333333333333 0.7541666666666667 0.04 0.04416666666666667
0 0.5408333333333334 0.7908333333333334 0.028333333333333332 0.023333333333333334
0 0.5383333333333333 0.8291666666666667 0.034166666666666665 0.023333333333333334
0 0.44916666666666666 0.7416666666666667 0.04 0.0425
0 0.37083333333333335 0.8225 0.025 0.028333333333333332
0 0.5191666666666667 0.9891666666666666 0.04583333333333333 0.020833333333333332
0 0.6691666666666667 0.99 0.03166666666666667 0.016666666666666666
0 0.7766666666666666 0.8458333333333333 0.028333333333333332 0.020833333333333332
0 0.7216666666666667 0.6866666666666666 0.0325 0.025
0 0.6808333333333333 0.7183333333333334 0.025 0.02666666666666667
0 0.6808333333333333 0.8083333333333333 0.04 0.034166666666666665
0 0.73 0.8258333333333333 0.019166666666666665 0.02666666666666667
0 0.8591666666666666 0.5233333333333333 0.03666666666666667 0.034166666666666665
0 0.9241666666666667 0.5716666666666667 0.025 0.028333333333333332
0 0.8991666666666667 0.33916666666666667 0.025 0.023333333333333334
0 0.9641666666666666 0.3458333333333333 0.03666666666666667 0.0475