0 0.6508333333333334 0.8091666666666667 0.060833333333333336 0.06666666666666667
0 0.5816666666666667 0.7316666666666667 0.0375 0.04833333333333333
0 0.5408333333333334 0.7233333333333334 0.028333333333333332 0.04083333333333333
0 0.6408333333333334 0.5925 0.034166666666666665 0.045
0 0.5825 0.5783333333333334 0.03916666666666667 0.045
0 0.9166666666666666 0.5675 0.0375 0.045
0 0.525 0.5641666666666667 0.03916666666666667 0.04666666666666667
0 0.7283333333333334 0.465 0.0625 0.06666666666666667
0 0.615 0.42583333333333334 0.03916666666666667 0.04083333333333333
0 0.5725 0.4175 0.0375 0.03916666666666667
0 0.48583333333333334 0.9816666666666667 0.05 0.035833333333333335
0 0.5516666666666666 0.19 0.03916666666666667 0.043333333333333335
0 0.7733333333333333 0.18916666666666668 0.04083333333333333 0.051666666666666666
0 0.6416666666666667 0.96 0.03916666666666667 0.045
0 0.8133333333333334 0.11416666666666667 0.05416666666666667 0.04083333333333333
0 0.6025 0.9558333333333333 0.035833333333333335 0.045
0 0.7208333333333333 0.015833333333333335 0.03916666666666667 0.028333333333333332
0 0.56 0.9475 0.0375 0.045
0 0.4375 0.9158333333333334 0.03916666666666667 0.05416666666666667