0 0.105 0.35833333333333334 0.0325 0.03
0 0.0675 0.32916666666666666 0.0325 0.02666666666666667
0 0.03666666666666667 0.30333333333333334 0.0325 0.02666666666666667
0 0.011666666666666667 0.28 0.0225 0.03
0 0.7616666666666667 0.8491666666666666 0.02666666666666667 0.0325
0 0.7991666666666667 0.8775 0.02666666666666667 0.028333333333333332
0 0.9033333333333333 0.9816666666666667 0.02666666666666667 0.035833333333333335
0 0.8383333333333334 0.9958333333333333 0.020833333333333332 0.0075
0 0.8516666666666667 0.9866666666666667 0.02666666666666667 0.023333333333333334
0 0.7933333333333333 0.9733333333333334 0.0225 0.0225
0 0.81 0.9541666666666667 0.025 0.02666666666666667
0 0.9375 0.965 0.019166666666666665 0.016666666666666666
0 0.9333333333333333 0.9875 0.019166666666666665 0.013333333333333334
0 0.5583333333333333 0.7541666666666667 0.0225 0.019166666666666665