0 0.2975 0.9266666666666666 0.12666666666666668 0.135
0 0.2841666666666667 0.7491666666666666 0.1625 0.1425
0 0.24666666666666667 0.4425 0.08416666666666667 0.09166666666666666
0 0.24583333333333332 0.2725 0.13666666666666666 0.13833333333333334
0 0.2325 0.10083333333333333 0.14083333333333334 0.15
0 0.6525 0.9525 0.08583333333333333 0.08416666666666667
0 0.6525 0.8116666666666666 0.07 0.06833333333333333
0 0.6266666666666667 0.5275 0.07 0.07
0 0.625 0.3825 0.08583333333333333 0.09
0 0.61 0.0775 0.07583333333333334 0.08
0 0.6258333333333334 0.23166666666666666 0.09583333333333334 0.09166666666666666