0 0.15416666666666667 0.25416666666666665 0.03666666666666667 0.029166666666666667
0 0.15583333333333332 0.3275 0.04 0.03333333333333333
0 0.7475 0.4716666666666667 0.03333333333333333 0.03833333333333333
0 0.5925 0.4741666666666667 0.04583333333333333 0.055
0 0.71 0.47583333333333333 0.030833333333333334 0.03666666666666667
0 0.6583333333333333 0.4825 0.0425 0.05333333333333334
0 0.16333333333333333 0.49416666666666664 0.021666666666666667 0.021666666666666667
0 0.1675 0.53 0.02 0.02
0 0.6316666666666667 0.10083333333333333 0.04416666666666667 0.051666666666666666
0 0.6883333333333334 0.10166666666666667 0.058333333333333334 0.04583333333333333
0 0.7741666666666667 0.105 0.030833333333333334 0.0425
0 0.1825 0.1175 0.030833333333333334 0.025833333333333333
0 0.8016666666666666 0.11833333333333333 0.024166666666666666 0.024166666666666666
0 0.8341666666666666 0.12166666666666667 0.024166666666666666 0.024166666666666666