0 0.49833333333333335 0.15416666666666667 0.034166666666666665 0.0275
0 0.585 0.14666666666666667 0.030833333333333334 0.018333333333333333
0 0.5808333333333333 0.17166666666666666 0.021666666666666667 0.021666666666666667
0 0.5841666666666666 0.195 0.0325 0.016666666666666666
0 0.5866666666666667 0.215 0.030833333333333334 0.02
0 0.5891666666666666 0.24083333333333334 0.035833333333333335 0.023333333333333334
0 0.5866666666666667 0.30583333333333335 0.0275 0.018333333333333333
0 0.5875 0.32916666666666666 0.0325 0.023333333333333334
0 0.5891666666666666 0.3525 0.025833333333333333 0.023333333333333334
0 0.6033333333333334 0.3858333333333333 0.023333333333333334 0.021666666666666667
0 0.5883333333333334 0.3975 0.023333333333333334 0.018333333333333333
0 0.4825 0.45916666666666667 0.0425 0.0375
0 0.4241666666666667 0.4475 0.029166666666666667 0.023333333333333334
0 0.3983333333333333 0.4425 0.0275 0.023333333333333334
0 0.5466666666666666 0.5275 0.059166666666666666 0.05416666666666667
0 0.5066666666666667 0.6008333333333333 0.0375 0.0325
0 0.4791666666666667 0.59 0.025833333333333333 0.023333333333333334
0 0.45916666666666667 0.5725 0.02 0.023333333333333334
0 0.4475 0.6491666666666667 0.0475 0.04416666666666667
0 0.4175 0.6291666666666667 0.03916666666666667 0.0375
0 0.37916666666666665 0.7166666666666667 0.035833333333333335 0.030833333333333334
0 0.36916666666666664 0.7458333333333333 0.0375 0.030833333333333334
0 0.3491666666666667 0.7775 0.0375 0.035833333333333335
0 0.33166666666666667 0.8033333333333333 0.018333333333333333 0.016666666666666666