0 0.24583333333333332 0.7816666666666666 0.024166666666666666 0.024166666666666666
0 0.2625 0.7633333333333333 0.024166666666666666 0.025833333333333333
0 0.2783333333333333 0.75 0.024166666666666666 0.025833333333333333
0 0.2966666666666667 0.7308333333333333 0.020833333333333332 0.019166666666666665
0 0.23833333333333334 0.6483333333333333 0.0225 0.024166666666666666
0 0.2658333333333333 0.6341666666666667 0.0275 0.019166666666666665
0 0.275 0.6133333333333333 0.0275 0.019166666666666665
0 0.2825 0.5858333333333333 0.025833333333333333 0.019166666666666665
0 0.29333333333333333 0.5633333333333334 0.024166666666666666 0.016666666666666666
0 0.22333333333333333 0.57 0.024166666666666666 0.020833333333333332
0 0.3525 0.7358333333333333 0.025833333333333333 0.024166666666666666
0 0.3675 0.7508333333333334 0.029166666666666667 0.024166666666666666
0 0.38416666666666666 0.7658333333333334 0.024166666666666666 0.024166666666666666
0 0.4 0.7858333333333334 0.029166666666666667 0.019166666666666665
0 0.3525 0.7958333333333333 0.025833333333333333 0.0225
0 0.36833333333333335 0.8141666666666667 0.0275 0.020833333333333332
0 0.2725 0.8133333333333334 0.029166666666666667 0.0225
0 0.29333333333333333 0.7958333333333333 0.024166666666666666 0.0225
0 0.295 0.8541666666666666 0.024166666666666666 0.025833333333333333
0 0.2775 0.87 0.0225 0.020833333333333332
0 0.25916666666666666 0.8841666666666667 0.020833333333333332 0.024166666666666666
0 0.2425 0.9016666666666666 0.020833333333333332 0.025833333333333333
0 0.265 0.915 0.029166666666666667 0.024166666666666666
0 0.2866666666666667 0.9141666666666667 0.024166666666666666 0.025833333333333333
0 0.30916666666666665 0.9116666666666666 0.024166666666666666 0.024166666666666666
0 0.3325 0.9133333333333333 0.024166666666666666 0.0275
0 0.35583333333333333 0.9208333333333333 0.0225 0.019166666666666665
0 0.38416666666666666 0.935 0.030833333333333334 0.0275
0 0.38083333333333336 0.9116666666666666 0.024166666666666666 0.020833333333333332
0 0.3983333333333333 0.8983333333333333 0.025833333333333333 0.0225
0 0.3775 0.885 0.024166666666666666 0.0225
0 0.3625 0.8683333333333333 0.029166666666666667 0.024166666666666666
0 0.3466666666666667 0.85 0.034166666666666665 0.0275
0 0.26916666666666667 0.9325 0.0225 0.029166666666666667