0 0.9058333333333334 0.3625 0.08 0.09166666666666666
0 0.9666666666666667 0.40166666666666667 0.06333333333333334 0.07666666666666666
0 0.7316666666666667 0.43083333333333335 0.04833333333333333 0.04833333333333333
0 0.6925 0.4041666666666667 0.04833333333333333 0.0575
0 0.8608333333333333 0.7141666666666666 0.08416666666666667 0.075
0 0.7016666666666667 0.5475 0.08583333333333333 0.08
0 0.5858333333333333 0.4741666666666667 0.0825 0.09333333333333334
0 0.5608333333333333 0.26 0.05 0.0425
0 0.4475 0.20166666666666666 0.06333333333333334 0.05583333333333333
0 0.44333333333333336 0.335 0.05416666666666667 0.0425
0 0.4175 0.30666666666666664 0.04833333333333333 0.04666666666666667
0 0.4066666666666667 0.38 0.0675 0.06166666666666667
0 0.25583333333333336 0.3175 0.06 0.045
0 0.09916666666666667 0.14833333333333334 0.09333333333333334 0.11
0 0.2325 0.6333333333333333 0.08416666666666667 0.07666666666666666
0 0.08583333333333333 0.45416666666666666 0.0375 0.03916666666666667
0 0.05583333333333333 0.49666666666666665 0.03333333333333333 0.0375
0 0.018333333333333333 0.4058333333333333 0.03333333333333333 0.0425
0 0.7441666666666666 0.3858333333333333 0.06 0.04833333333333333
0 0.3425 0.11916666666666667 0.0725 0.0525