0 0.24 0.36666666666666664 0.07333333333333333 0.07
0 0.35083333333333333 0.3641666666666667 0.0675 0.07
0 0.025 0.44166666666666665 0.049166666666666664 0.055
0 0.16416666666666666 0.43916666666666665 0.056666666666666664 0.04416666666666667
0 0.09833333333333333 0.3641666666666667 0.049166666666666664 0.055
0 0.47833333333333333 0.3625 0.07 0.07
0 0.5866666666666667 0.3625 0.06416666666666666 0.06583333333333333
0 0.855 0.49916666666666665 0.0625 0.06416666666666666
0 0.9916666666666667 0.4525 0.0125 0.055
0 0.7066666666666667 0.6475 0.03666666666666667 0.05333333333333334
0 0.7375 0.62 0.04583333333333333 0.0425
0 0.7691666666666667 0.6483333333333333 0.04 0.04416666666666667
0 0.7858333333333334 0.5208333333333334 0.04 0.0425
0 0.8633333333333333 0.6358333333333334 0.04583333333333333 0.0475
0 0.6691666666666667 0.985 0.03833333333333333 0.029166666666666667
0 0.7125 0.9775 0.045 0.041666666666666664
0 0.6408333333333334 0.8358333333333333 0.04 0.04583333333333333
0 0.7791666666666667 0.8241666666666667 0.03833333333333333 0.04416666666666667
0 0.87 0.9016666666666666 0.051666666666666666 0.049166666666666664
0 0.8291666666666667 0.8425 0.03833333333333333 0.03666666666666667
0 0.76 0.9741666666666666 0.03666666666666667 0.04416666666666667