0 0.2175 0.5208333333333334 0.0425 0.04583333333333333
0 0.26416666666666666 0.5033333333333333 0.0475 0.05416666666666667
0 0.31666666666666665 0.4891666666666667 0.0575 0.06916666666666667
0 0.3575 0.4633333333333333 0.04416666666666667 0.04583333333333333
0 0.4425 0.435 0.04416666666666667 0.04583333333333333
0 0.31916666666666665 0.37666666666666665 0.0525 0.050833333333333335
0 0.3625 0.36333333333333334 0.0375 0.04583333333333333
0 0.3983333333333333 0.3416666666666667 0.04083333333333333 0.049166666666666664
0 0.5916666666666667 0.3725 0.0475 0.05416666666666667
0 0.6308333333333334 0.36 0.04416666666666667 0.049166666666666664
0 0.7941666666666667 0.2475 0.0425 0.04416666666666667
0 0.8408333333333333 0.23 0.04416666666666667 0.04583333333333333
0 0.8858333333333334 0.20833333333333334 0.04583333333333333 0.04083333333333333
0 0.9358333333333333 0.1875 0.0475 0.0425