0 0.25666666666666665 0.32416666666666666 0.041666666666666664 0.045
0 0.10916666666666666 0.43 0.025833333333333333 0.025833333333333333
0 0.7116666666666667 0.5466666666666666 0.020833333333333332 0.024166666666666666
0 0.2525 0.4558333333333333 0.025833333333333333 0.0225
0 0.2608333333333333 0.48 0.0225 0.025833333333333333
0 0.20416666666666666 0.4716666666666667 0.015833333333333335 0.019166666666666665
0 0.21583333333333332 0.495 0.024166666666666666 0.0275
0 0.1325 0.4708333333333333 0.024166666666666666 0.024166666666666666
0 0.105 0.4775 0.020833333333333332 0.024166666666666666
0 0.6841666666666667 0.7416666666666667 0.024166666666666666 0.020833333333333332
0 0.6658333333333334 0.71 0.020833333333333332 0.0175
0 0.6633333333333333 0.73 0.019166666666666665 0.015833333333333335
0 0.6483333333333333 0.7166666666666667 0.020833333333333332 0.019166666666666665
0 0.6333333333333333 0.6983333333333334 0.0225 0.020833333333333332