0 0.885 0.8191666666666667 0.0425 0.04083333333333333
0 0.7983333333333333 0.7558333333333334 0.03166666666666667 0.035
0 0.7225 0.7258333333333333 0.035 0.0425
0 0.7858333333333334 0.7008333333333333 0.04083333333333333 0.03666666666666667
0 0.6658333333333334 0.6883333333333334 0.03333333333333333 0.04083333333333333
0 0.6191666666666666 0.6525 0.03166666666666667 0.0425
0 0.5641666666666667 0.6266666666666667 0.03333333333333333 0.03833333333333333
0 0.5141666666666667 0.5975 0.035 0.03666666666666667
0 0.4675 0.5683333333333334 0.035 0.03666666666666667
0 0.4191666666666667 0.5433333333333333 0.03666666666666667 0.03833333333333333
0 0.24 0.4575 0.03666666666666667 0.04416666666666667
0 0.45666666666666667 0.44666666666666666 0.03833333333333333 0.03333333333333333
0 0.29333333333333333 0.44 0.03333333333333333 0.035
0 0.7783333333333333 0.9108333333333334 0.03666666666666667 0.03833333333333333
0 0.8425 0.885 0.03833333333333333 0.04583333333333333
0 0.8758333333333334 0.8633333333333333 0.03833333333333333 0.03333333333333333