0 0.2425 0.8933333333333333 0.035 0.035
0 0.325 0.8858333333333334 0.028333333333333332 0.02666666666666667
0 0.4216666666666667 0.6833333333333333 0.051666666666666666 0.035
0 0.4658333333333333 0.7075 0.04833333333333333 0.045
0 0.5333333333333333 0.6716666666666666 0.043333333333333335 0.041666666666666664
0 0.4866666666666667 0.5575 0.05 0.03833333333333333
0 0.5125 0.4825 0.045 0.041666666666666664
0 0.5291666666666667 0.44333333333333336 0.051666666666666666 0.04
0 0.6041666666666666 0.5333333333333333 0.043333333333333335 0.03666666666666667
0 0.6325 0.6308333333333334 0.02666666666666667 0.023333333333333334
0 0.7066666666666667 0.5408333333333334 0.023333333333333334 0.018333333333333333
0 0.7033333333333334 0.5175 0.023333333333333334 0.018333333333333333
0 0.7283333333333334 0.43416666666666665 0.023333333333333334 0.023333333333333334
0 0.7158333333333333 0.4725 0.028333333333333332 0.025
0 0.7083333333333334 0.49666666666666665 0.023333333333333334 0.023333333333333334
0 0.5941666666666666 0.24916666666666668 0.02 0.018333333333333333
0 0.6883333333333334 0.2475 0.016666666666666666 0.018333333333333333
0 0.9391666666666667 0.3025 0.015 0.018333333333333333
0 0.8658333333333333 0.30666666666666664 0.016666666666666666 0.013333333333333334
0 0.8758333333333334 0.31416666666666665 0.013333333333333334 0.013333333333333334
0 0.8733333333333333 0.3258333333333333 0.015 0.013333333333333334