0 0.9866666666666667 0.4525 0.023333333333333334 0.03166666666666667
0 0.9808333333333333 0.44166666666666665 0.0175 0.0175
0 0.9425 0.4575 0.04 0.025833333333333333
0 0.9583333333333334 0.43833333333333335 0.024166666666666666 0.020833333333333332
0 0.9841666666666666 0.4225 0.024166666666666666 0.020833333333333332
0 0.9575 0.415 0.0325 0.025833333333333333
0 0.885 0.445 0.029166666666666667 0.0275
0 0.97 0.3641666666666667 0.029166666666666667 0.03833333333333333
0 0.9425 0.36333333333333334 0.025833333333333333 0.035833333333333335
0 0.9166666666666666 0.3725 0.0225 0.03833333333333333
0 0.89 0.36916666666666664 0.0275 0.034166666666666665
0 0.8666666666666667 0.35833333333333334 0.029166666666666667 0.034166666666666665
0 0.8366666666666667 0.355 0.029166666666666667 0.03833333333333333
0 0.7908333333333334 0.27166666666666667 0.05 0.025833333333333333
0 0.7975 0.23666666666666666 0.04 0.035833333333333335
0 0.7416666666666667 0.2733333333333333 0.014166666666666666 0.019166666666666665
0 0.7141666666666666 0.26916666666666667 0.0175 0.020833333333333332
0 0.7633333333333333 0.24666666666666667 0.019166666666666665 0.014166666666666666
0 0.7466666666666667 0.2425 0.0175 0.015833333333333335
0 0.7241666666666666 0.23916666666666667 0.024166666666666666 0.015833333333333335
0 0.7175 0.4241666666666667 0.041666666666666664 0.034166666666666665
0 0.67 0.425 0.029166666666666667 0.04
0 0.6425 0.3383333333333333 0.0225 0.024166666666666666
0 0.58 0.42833333333333334 0.056666666666666664 0.05333333333333334
0 0.475 0.4033333333333333 0.043333333333333335 0.03833333333333333
0 0.4325 0.30333333333333334 0.041666666666666664 0.051666666666666666
0 0.36333333333333334 0.4008333333333333 0.029166666666666667 0.029166666666666667
0 0.30916666666666665 0.39666666666666667 0.0325 0.03833333333333333
0 0.32666666666666666 0.455 0.0225 0.0275
0 0.2975 0.455 0.035833333333333335 0.030833333333333334
0 0.26666666666666666 0.43083333333333335 0.05 0.03833333333333333
0 0.2833333333333333 0.2925 0.025833333333333333 0.0325
0 0.25166666666666665 0.28833333333333333 0.0275 0.034166666666666665
0 0.19 0.2783333333333333 0.0275 0.035833333333333335
0 0.1275 0.2725 0.030833333333333334 0.034166666666666665
0 0.17666666666666667 0.19583333333333333 0.06 0.06416666666666666