0 0.48 0.17166666666666666 0.03 0.0275
0 0.49833333333333335 0.245 0.051666666666666666 0.05
0 0.5016666666666667 0.32 0.05583333333333333 0.051666666666666666
0 0.4241666666666667 0.405 0.05583333333333333 0.0575
0 0.23666666666666666 0.24666666666666667 0.05583333333333333 0.051666666666666666
0 0.23666666666666666 0.31333333333333335 0.05583333333333333 0.05583333333333333
0 0.35333333333333333 0.31083333333333335 0.051666666666666666 0.04833333333333333
0 0.35333333333333333 0.38666666666666666 0.05583333333333333 0.051666666666666666
0 0.23583333333333334 0.38416666666666666 0.0575 0.05
0 0.009166666666666667 0.4008333333333333 0.015 0.06833333333333333
0 0.009166666666666667 0.335 0.015 0.07
0 0.09833333333333333 0.3466666666666667 0.059166666666666666 0.051666666666666666
0 0.09416666666666666 0.39916666666666667 0.05583333333333333 0.04666666666666667
0 0.08833333333333333 0.6175 0.05 0.05333333333333334
0 0.6108333333333333 0.2608333333333333 0.04416666666666667 0.04083333333333333
0 0.6116666666666667 0.31583333333333335 0.0575 0.05
0 0.49833333333333335 0.3975 0.051666666666666666 0.05
0 0.5008333333333334 0.4608333333333333 0.04666666666666667 0.04083333333333333
0 0.35333333333333333 0.4675 0.05583333333333333 0.05
0 0.23916666666666667 0.4525 0.051666666666666666 0.03916666666666667
0 0.23666666666666666 0.5258333333333334 0.05583333333333333 0.04416666666666667
0 0.3566666666666667 0.5283333333333333 0.0575 0.05
0 0.35583333333333333 0.5833333333333334 0.051666666666666666 0.05583333333333333
0 0.3566666666666667 0.6358333333333334 0.05 0.05
0 0.4975 0.5866666666666667 0.0575 0.05583333333333333
0 0.42583333333333334 0.6391666666666667 0.04833333333333333 0.051666666666666666
0 0.035833333333333335 0.7075 0.05 0.059166666666666666
0 0.23 0.5841666666666666 0.051666666666666666 0.05333333333333334
0 0.23333333333333334 0.6391666666666667 0.051666666666666666 0.04833333333333333
0 0.235 0.6916666666666667 0.04083333333333333 0.03916666666666667
0 0.3525 0.6908333333333333 0.04666666666666667 0.04083333333333333
0 0.67 0.6858333333333333 0.051666666666666666 0.060833333333333336
0 0.8225 0.9891666666666666 0.03666666666666667 0.018333333333333333
0 0.6058333333333333 0.6908333333333333 0.051666666666666666 0.04833333333333333
0 0.7283333333333334 0.7 0.0275 0.03666666666666667
0 0.6116666666666667 0.5308333333333334 0.05333333333333334 0.05
0 0.61 0.4225 0.05 0.04833333333333333
0 0.6108333333333333 0.36833333333333335 0.059166666666666666 0.051666666666666666
0 0.61 0.5833333333333334 0.05 0.04833333333333333
0 0.6075 0.6391666666666667 0.059166666666666666 0.05583333333333333
0 0.9283333333333333 0.63 0.0275 0.03
0 0.89 0.6275 0.0275 0.03333333333333333
0 0.8525 0.63 0.024166666666666666 0.03333333333333333
0 0.9725 0.2275 0.03 0.03333333333333333
0 0.9408333333333333 0.24166666666666667 0.03 0.0275
0 0.8183333333333334 0.6308333333333334 0.0225 0.03166666666666667
0 0.7816666666666666 0.6325 0.025833333333333333 0.03916666666666667
0 0.79 0.575 0.035 0.03166666666666667
0 0.7833333333333333 0.53 0.03 0.03
0 0.785 0.49916666666666665 0.025833333333333333 0.03166666666666667
0 0.7966666666666666 0.46166666666666667 0.025833333333333333 0.0275
0 0.91 0.24166666666666667 0.0275 0.035
0 0.8741666666666666 0.24 0.03 0.03166666666666667
0 0.7833333333333333 0.27666666666666667 0.03 0.03166666666666667
0 0.7825 0.31583333333333335 0.04666666666666667 0.03916666666666667