0 0.19416666666666665 0.15833333333333333 0.04083333333333333 0.03833333333333333
0 0.2775 0.21916666666666668 0.03 0.03333333333333333
0 0.3491666666666667 0.2475 0.03333333333333333 0.04083333333333333
0 0.28833333333333333 0.2708333333333333 0.03833333333333333 0.035
0 0.4033333333333333 0.2833333333333333 0.03166666666666667 0.03833333333333333
0 0.4483333333333333 0.3175 0.03 0.04083333333333333
0 0.5 0.3425 0.03166666666666667 0.03666666666666667
0 0.5483333333333333 0.37 0.03333333333333333 0.035
0 0.5925 0.3975 0.03333333333333333 0.035
0 0.6391666666666667 0.4216666666666667 0.035 0.03666666666666667
0 0.03333333333333333 0.018333333333333333 0.028333333333333332 0.03666666666666667
0 0.81 0.5033333333333333 0.035 0.0425
0 0.6033333333333334 0.5141666666666667 0.03666666666666667 0.03166666666666667
0 0.7591666666666667 0.52 0.03166666666666667 0.03333333333333333
0 0.8491666666666666 0.9716666666666667 0.03333333333333333 0.03833333333333333
0 0.29583333333333334 0.07166666666666667 0.035 0.03666666666666667
0 0.235 0.09583333333333334 0.03666666666666667 0.04416666666666667
0 0.20333333333333334 0.11583333333333333 0.03666666666666667 0.03166666666666667