0 0.2575 0.1725 0.034166666666666665 0.04416666666666667
0 0.5116666666666667 0.25916666666666666 0.04083333333333333 0.04083333333333333
0 0.5575 0.2633333333333333 0.03916666666666667 0.035833333333333335
0 0.5975 0.2658333333333333 0.04083333333333333 0.0375
0 0.6391666666666667 0.2725 0.03916666666666667 0.035833333333333335
0 0.6841666666666667 0.33666666666666667 0.050833333333333335 0.049166666666666664
0 0.6841666666666667 0.3958333333333333 0.04416666666666667 0.058333333333333334
0 0.8191666666666667 0.34833333333333333 0.034166666666666665 0.04083333333333333
0 0.8075 0.30666666666666664 0.034166666666666665 0.03916666666666667
0 0.7933333333333333 0.25916666666666666 0.034166666666666665 0.0375
0 0.7725 0.22166666666666668 0.0325 0.04083333333333333
0 0.8458333333333333 0.4375 0.04583333333333333 0.049166666666666664
0 0.82 0.4891666666666667 0.03916666666666667 0.04583333333333333
0 0.8066666666666666 0.5516666666666666 0.03916666666666667 0.03916666666666667
0 0.7733333333333333 0.5916666666666667 0.04416666666666667 0.0425
0 0.7391666666666666 0.6341666666666667 0.04083333333333333 0.03916666666666667
0 0.6616666666666666 0.6525 0.04583333333333333 0.04583333333333333
0 0.6208333333333333 0.6233333333333333 0.04416666666666667 0.0425
0 0.6625 0.575 0.04416666666666667 0.0475
0 0.7058333333333333 0.515 0.049166666666666664 0.04416666666666667
0 0.6125 0.5683333333333334 0.034166666666666665 0.030833333333333334
0 0.5741666666666667 0.5733333333333334 0.035833333333333335 0.034166666666666665
0 0.5783333333333334 0.5433333333333333 0.0375 0.0325
0 0.5633333333333334 0.52 0.04416666666666667 0.0325
0 0.53 0.44083333333333335 0.0525 0.0425