0 0.14833333333333334 0.7425 0.0275 0.0275
0 0.16833333333333333 0.7216666666666667 0.0275 0.029166666666666667
0 0.18583333333333332 0.7058333333333333 0.0275 0.029166666666666667
0 0.20666666666666667 0.6841666666666667 0.023333333333333334 0.021666666666666667
0 0.14 0.59 0.025 0.0275
0 0.17166666666666666 0.5733333333333334 0.03166666666666667 0.021666666666666667
0 0.18166666666666667 0.55 0.03166666666666667 0.021666666666666667
0 0.19083333333333333 0.5183333333333333 0.029166666666666667 0.021666666666666667
0 0.20333333333333334 0.4925 0.0275 0.019166666666666665
0 0.12333333333333334 0.5 0.0275 0.023333333333333334
0 0.2708333333333333 0.6891666666666667 0.029166666666666667 0.0275
0 0.28833333333333333 0.7066666666666667 0.03333333333333333 0.0275
0 0.30666666666666664 0.725 0.0275 0.0275
0 0.325 0.7466666666666667 0.03333333333333333 0.021666666666666667
0 0.2708333333333333 0.7591666666666667 0.029166666666666667 0.025
0 0.2891666666666667 0.7791666666666667 0.03166666666666667 0.023333333333333334
0 0.17833333333333334 0.7783333333333333 0.03333333333333333 0.025
0 0.20333333333333334 0.7591666666666667 0.0275 0.025
0 0.205 0.825 0.0275 0.029166666666666667
0 0.18416666666666667 0.8433333333333334 0.025 0.023333333333333334
0 0.16416666666666666 0.8591666666666666 0.023333333333333334 0.0275
0 0.14416666666666667 0.88 0.023333333333333334 0.029166666666666667
0 0.17083333333333334 0.8941666666666667 0.03333333333333333 0.0275
0 0.195 0.8933333333333333 0.0275 0.029166666666666667
0 0.22083333333333333 0.8908333333333334 0.0275 0.0275
0 0.24833333333333332 0.8925 0.0275 0.03166666666666667
0 0.27416666666666667 0.9016666666666666 0.025 0.021666666666666667
0 0.30666666666666664 0.9183333333333333 0.035 0.03166666666666667
0 0.3025 0.8908333333333334 0.0275 0.023333333333333334
0 0.3233333333333333 0.8758333333333334 0.029166666666666667 0.025
0 0.2991666666666667 0.86 0.0275 0.025
0 0.2825 0.8416666666666667 0.03333333333333333 0.0275
0 0.2633333333333333 0.82 0.03916666666666667 0.03166666666666667
0 0.175 0.915 0.025 0.03333333333333333