0 0.275 0.375 0.07083333333333333 0.0675
0 0.21583333333333332 0.22 0.03833333333333333 0.04
0 0.14916666666666667 0.2733333333333333 0.035833333333333335 0.05
0 0.09416666666666666 0.195 0.0325 0.03833333333333333
0 0.46416666666666667 0.7808333333333334 0.024166666666666666 0.030833333333333334
0 0.49833333333333335 0.7616666666666667 0.0275 0.03833333333333333
0 0.5333333333333333 0.8516666666666667 0.0325 0.045
0 0.575 0.8275 0.04 0.058333333333333334
0 0.6075 0.8 0.035833333333333335 0.04833333333333333
0 0.655 0.9083333333333333 0.030833333333333334 0.041666666666666664
0 0.7383333333333333 0.7775 0.045 0.051666666666666666
0 0.025833333333333333 0.09916666666666667 0.0275 0.029166666666666667
0 0.33916666666666667 0.4508333333333333 0.025833333333333333 0.029166666666666667
0 0.36833333333333335 0.43583333333333335 0.025833333333333333 0.034166666666666665
0 0.38 0.4791666666666667 0.0325 0.034166666666666665
0 0.4041666666666667 0.46 0.0225 0.034166666666666665
0 0.43166666666666664 0.5866666666666667 0.029166666666666667 0.029166666666666667
0 0.45666666666666667 0.5891666666666666 0.024166666666666666 0.029166666666666667
0 0.5333333333333333 0.5358333333333334 0.019166666666666665 0.0275
0 0.45916666666666667 0.57 0.019166666666666665 0.025833333333333333
0 0.4791666666666667 0.5716666666666667 0.020833333333333332 0.029166666666666667
0 0.5066666666666667 0.5525 0.024166666666666666 0.029166666666666667
0 0.3975 0.5341666666666667 0.025833333333333333 0.030833333333333334
0 0.5016666666666667 0.465 0.020833333333333332 0.0325
0 0.425 0.5166666666666667 0.0225 0.0225
0 0.4525 0.5008333333333334 0.025833333333333333 0.025833333333333333
0 0.47583333333333333 0.4816666666666667 0.020833333333333332 0.029166666666666667
0 0.4175 0.395 0.024166666666666666 0.03833333333333333
0 0.47 0.6441666666666667 0.029166666666666667 0.035833333333333335
0 0.4925 0.645 0.0225 0.030833333333333334
0 0.5175 0.6241666666666666 0.0275 0.03833333333333333
0 0.5441666666666667 0.6108333333333333 0.029166666666666667 0.035833333333333335
0 0.5491666666666667 0.5883333333333334 0.025833333333333333 0.030833333333333334
0 0.5758333333333333 0.5725 0.0275 0.030833333333333334