0 0.043333333333333335 0.425 0.060833333333333336 0.075
0 0.028333333333333332 0.18583333333333332 0.056666666666666664 0.075
0 0.14166666666666666 0.2966666666666667 0.0575 0.08416666666666667
0 0.20916666666666667 0.315 0.05583333333333333 0.04666666666666667
0 0.3025 0.42333333333333334 0.0575 0.07916666666666666
0 0.41333333333333333 0.3566666666666667 0.051666666666666666 0.0575
0 0.41583333333333333 0.5458333333333333 0.04666666666666667 0.045
0 0.475 0.5741666666666667 0.05416666666666667 0.051666666666666666
0 0.5325 0.6083333333333333 0.05 0.05583333333333333
0 0.6383333333333333 0.67 0.05416666666666667 0.060833333333333336
0 0.695 0.7 0.05416666666666667 0.05583333333333333
0 0.5425 0.4925 0.051666666666666666 0.05416666666666667
0 0.7416666666666667 0.6016666666666667 0.05416666666666667 0.051666666666666666
0 0.565 0.3525 0.05583333333333333 0.05583333333333333
0 0.6141666666666666 0.38166666666666665 0.051666666666666666 0.0575
0 0.6658333333333334 0.41333333333333333 0.051666666666666666 0.05583333333333333
0 0.7158333333333333 0.4375 0.051666666666666666 0.060833333333333336
0 0.8675 0.5191666666666667 0.05 0.0625
0 0.9158333333333334 0.5466666666666666 0.05416666666666667 0.060833333333333336
0 0.9925 0.6033333333333334 0.010833333333333334 0.0625