0 0.8066666666666666 0.4975 0.045 0.049166666666666664
0 0.7575 0.47833333333333333 0.050833333333333335 0.058333333333333334
0 0.7008333333333333 0.4625 0.06166666666666667 0.07416666666666667
0 0.6575 0.43583333333333335 0.0475 0.049166666666666664
0 0.5666666666666667 0.405 0.0475 0.049166666666666664
0 0.6983333333333334 0.3425 0.05583333333333333 0.05416666666666667
0 0.6525 0.32916666666666666 0.04 0.049166666666666664
0 0.6141666666666666 0.305 0.043333333333333335 0.0525
0 0.4075 0.33916666666666667 0.050833333333333335 0.058333333333333334
0 0.36583333333333334 0.325 0.0475 0.0525
0 0.19083333333333333 0.205 0.045 0.0475
0 0.14166666666666666 0.18583333333333332 0.0475 0.049166666666666664
0 0.09333333333333334 0.16333333333333333 0.049166666666666664 0.043333333333333335
0 0.04 0.14 0.050833333333333335 0.045