0 0.3325 0.565 0.03833333333333333 0.04666666666666667
0 0.955 0.8091666666666667 0.049166666666666664 0.043333333333333335
0 0.2325 0.4041666666666667 0.043333333333333335 0.041666666666666664
0 0.2925 0.4008333333333333 0.035 0.041666666666666664
0 0.35833333333333334 0.3958333333333333 0.03666666666666667 0.045
0 0.035 0.4225 0.0275 0.03333333333333333
0 0.059166666666666666 0.4266666666666667 0.024166666666666666 0.03166666666666667
0 0.085 0.4241666666666667 0.024166666666666666 0.03666666666666667
0 0.060833333333333336 0.345 0.0275 0.03166666666666667
0 0.0925 0.3441666666666667 0.024166666666666666 0.03
0 0.4175 0.4008333333333333 0.0225 0.0175