0 0.18333333333333332 0.45916666666666667 0.06916666666666667 0.045
0 0.11916666666666667 0.3308333333333333 0.050833333333333335 0.045
0 0.14916666666666667 0.15 0.045 0.058333333333333334
0 0.215 0.15666666666666668 0.0275 0.041666666666666664
0 0.27166666666666667 0.2816666666666667 0.050833333333333335 0.041666666666666664
0 0.2891666666666667 0.355 0.03833333333333333 0.035833333333333335
0 0.43666666666666665 0.23916666666666667 0.0475 0.0475
0 0.73 0.5316666666666666 0.043333333333333335 0.041666666666666664
0 0.8083333333333333 0.43 0.04 0.034166666666666665
0 0.9641666666666666 0.3675 0.04 0.04
0 0.9583333333333334 0.445 0.0325 0.03833333333333333