0 0.49583333333333335 0.54 0.065 0.06833333333333333
0 0.31416666666666665 0.6108333333333333 0.05416666666666667 0.0425
0 0.8041666666666667 0.6725 0.04583333333333333 0.03833333333333333
0 0.7666666666666667 0.7441666666666666 0.050833333333333335 0.04083333333333333
0 0.3225 0.5508333333333333 0.056666666666666664 0.03833333333333333
0 0.18416666666666667 0.5441666666666667 0.0475 0.035
0 0.19 0.5008333333333334 0.0425 0.03333333333333333
0 0.23333333333333334 0.7633333333333333 0.04083333333333333 0.04416666666666667
0 0.29083333333333333 0.7708333333333334 0.04583333333333333 0.0425
0 0.40166666666666667 0.7966666666666666 0.0425 0.04416666666666667
0 0.45416666666666666 0.8041666666666667 0.0425 0.0425
0 0.49916666666666665 0.8091666666666667 0.03666666666666667 0.0475