0 0.55 0.20416666666666666 0.0225 0.024166666666666666
0 0.595 0.13166666666666665 0.03 0.035833333333333335
0 0.6958333333333333 0.06916666666666667 0.03 0.03333333333333333
0 0.7325 0.16166666666666665 0.035833333333333335 0.03166666666666667
0 0.8675 0.21333333333333335 0.025833333333333333 0.028333333333333332
0 0.9108333333333334 0.34833333333333333 0.025833333333333333 0.03166666666666667
0 0.36583333333333334 0.5333333333333333 0.0225 0.025833333333333333
0 0.43916666666666665 0.5258333333333334 0.024166666666666666 0.025833333333333333
0 0.49666666666666665 0.55 0.025833333333333333 0.025833333333333333
0 0.5358333333333334 0.5516666666666666 0.03333333333333333 0.024166666666666666
0 0.7333333333333333 0.5658333333333333 0.0225 0.020833333333333332
0 0.6416666666666667 0.5608333333333333 0.0225 0.028333333333333332
0 0.5825 0.5758333333333333 0.03 0.03166666666666667
0 0.48 0.16916666666666666 0.028333333333333332 0.020833333333333332
0 0.46 0.29 0.020833333333333332 0.024166666666666666
0 0.44583333333333336 0.345 0.0225 0.0225
0 0.43583333333333335 0.4033333333333333 0.024166666666666666 0.025833333333333333
0 0.42916666666666664 0.43166666666666664 0.03 0.020833333333333332
0 0.5733333333333334 0.025 0.028333333333333332 0.028333333333333332
0 0.18833333333333332 0.49 0.03 0.035833333333333335
0 0.25583333333333336 0.42916666666666664 0.0225 0.025833333333333333
0 0.2633333333333333 0.4083333333333333 0.0225 0.0225
0 0.2808333333333333 0.4216666666666667 0.024166666666666666 0.018333333333333333
0 0.20333333333333334 0.5283333333333333 0.010833333333333334 0.015
0 0.18833333333333332 0.5233333333333333 0.015 0.016666666666666666
0 0.2625 0.49083333333333334 0.016666666666666666 0.0225
0 0.2808333333333333 0.47833333333333333 0.024166666666666666 0.024166666666666666
0 0.2866666666666667 0.49416666666666664 0.03166666666666667 0.015
0 0.2841666666666667 0.525 0.028333333333333332 0.016666666666666666
0 0.20583333333333334 0.3908333333333333 0.024166666666666666 0.020833333333333332
0 0.47333333333333333 0.041666666666666664 0.020833333333333332 0.020833333333333332
0 0.4483333333333333 0.03833333333333333 0.016666666666666666 0.020833333333333332
0 0.3933333333333333 0.05583333333333333 0.03 0.025833333333333333
0 0.22916666666666666 0.355 0.0225 0.024166666666666666
0 0.19583333333333333 0.37333333333333335 0.025833333333333333 0.0225
0 0.21333333333333335 0.36 0.020833333333333332 0.018333333333333333
0 0.245 0.36583333333333334 0.020833333333333332 0.0225