0 0.09083333333333334 0.018333333333333333 0.034166666666666665 0.03
0 0.4191666666666667 0.3541666666666667 0.02666666666666667 0.018333333333333333
0 0.425 0.40166666666666667 0.0325 0.023333333333333334
0 0.42583333333333334 0.4225 0.03 0.02
0 0.4241666666666667 0.44583333333333336 0.034166666666666665 0.02
0 0.4266666666666667 0.4675 0.0325 0.02
0 0.47333333333333333 0.4166666666666667 0.03 0.025
0 0.48 0.44 0.034166666666666665 0.025
0 0.48 0.4608333333333333 0.03 0.02
0 0.47833333333333333 0.5325 0.02666666666666667 0.023333333333333334
0 0.44583333333333336 0.5375 0.02666666666666667 0.023333333333333334
0 0.5216666666666666 0.5266666666666666 0.023333333333333334 0.02
0 0.5233333333333333 0.5675 0.02 0.016666666666666666
0 0.5275 0.6058333333333333 0.018333333333333333 0.018333333333333333