0 0.0925 0.8908333333333334 0.0675 0.056666666666666664
0 0.115 0.9166666666666666 0.055 0.049166666666666664
0 0.17583333333333334 0.9141666666666667 0.051666666666666666 0.058333333333333334
0 0.22583333333333333 0.9141666666666667 0.049166666666666664 0.0625
0 0.25666666666666665 0.7891666666666667 0.07333333333333333 0.07
0 0.4 0.7925 0.05333333333333334 0.049166666666666664
0 0.4891666666666667 0.7783333333333333 0.07333333333333333 0.07333333333333333
0 0.5716666666666667 0.7566666666666667 0.09916666666666667 0.11333333333333333
0 0.695 0.7366666666666667 0.13333333333333333 0.12416666666666666
0 0.8041666666666667 0.7591666666666667 0.06583333333333333 0.0675
0 0.3925 0.575 0.0675 0.0625
0 0.5191666666666667 0.57 0.0675 0.058333333333333334
0 0.5833333333333334 0.5616666666666666 0.060833333333333336 0.060833333333333336
0 0.6475 0.5616666666666666 0.060833333333333336 0.056666666666666664
0 0.7133333333333334 0.43416666666666665 0.056666666666666664 0.058333333333333334
0 0.6691666666666667 0.39166666666666666 0.056666666666666664 0.051666666666666666
0 0.5791666666666667 0.3858333333333333 0.058333333333333334 0.056666666666666664
0 0.515 0.3883333333333333 0.058333333333333334 0.0625
0 0.09583333333333334 0.09333333333333334 0.056666666666666664 0.058333333333333334
0 0.15916666666666668 0.20416666666666666 0.06583333333333333 0.0825
0 0.23416666666666666 0.18166666666666667 0.07 0.07333333333333333
0 0.23333333333333334 0.11166666666666666 0.060833333333333336 0.06583333333333333