0 0.5983333333333334 0.025 0.0425 0.035833333333333335
0 0.985 0.26 0.02666666666666667 0.03
0 0.99 0.6066666666666667 0.016666666666666666 0.02666666666666667
0 0.7033333333333334 0.98 0.06333333333333334 0.035833333333333335
0 0.6908333333333333 0.8516666666666667 0.05 0.04666666666666667
0 0.5958333333333333 0.82 0.04666666666666667 0.05
0 0.5083333333333333 0.8233333333333334 0.0425 0.0425
0 0.5766666666666667 0.7216666666666667 0.03333333333333333 0.04083333333333333
0 0.6508333333333334 0.6066666666666667 0.0525 0.04083333333333333
0 0.6225 0.4975 0.0425 0.03916666666666667
0 0.43166666666666664 0.4691666666666667 0.0425 0.035833333333333335
0 0.3641666666666667 0.54 0.075 0.08
0 0.4241666666666667 0.43 0.05 0.03916666666666667
0 0.4191666666666667 0.37666666666666665 0.06916666666666667 0.06
0 0.5541666666666667 0.3625 0.04083333333333333 0.0425
0 0.5866666666666667 0.24083333333333334 0.04666666666666667 0.0375
0 0.3825 0.08916666666666667 0.06333333333333334 0.06
0 0.4558333333333333 0.0525 0.04666666666666667 0.03333333333333333
0 0.56 0.03 0.025833333333333333 0.03
0 0.5075 0.0475 0.04083333333333333 0.03916666666666667
0 0.33416666666666667 0.8308333333333333 0.025833333333333333 0.03166666666666667