0 0.29083333333333333 0.8008333333333333 0.030833333333333334 0.035833333333333335
0 0.2575 0.7991666666666667 0.029166666666666667 0.035833333333333335
0 0.8975 0.7625 0.020833333333333332 0.019166666666666665
0 0.4041666666666667 0.7608333333333334 0.0275 0.029166666666666667
0 0.4033333333333333 0.7275 0.025833333333333333 0.0275
0 0.9508333333333333 0.715 0.011666666666666667 0.011666666666666667
0 0.54 0.555 0.015 0.0175
0 0.5225 0.5525 0.013333333333333334 0.019166666666666665
0 0.4658333333333333 0.5525 0.0175 0.025833333333333333
0 0.36083333333333334 0.5508333333333333 0.011666666666666667 0.015
0 0.205 0.5491666666666667 0.015 0.015
0 0.4058333333333333 0.5141666666666667 0.013333333333333334 0.015
0 0.4425 0.4775 0.015 0.0175
0 0.125 0.4716666666666667 0.024166666666666666 0.029166666666666667
0 0.24916666666666668 0.47 0.029166666666666667 0.029166666666666667
0 0.31666666666666665 0.43666666666666665 0.034166666666666665 0.0275
0 0.7608333333333334 0.19333333333333333 0.025833333333333333 0.030833333333333334
0 0.7941666666666667 0.1925 0.030833333333333334 0.03916666666666667
0 0.6908333333333333 0.125 0.0225 0.030833333333333334
0 0.7475 0.11666666666666667 0.019166666666666665 0.0275