0 0.6625 0.835 0.028333333333333332 0.034166666666666665
0 0.7258333333333333 0.8358333333333333 0.041666666666666664 0.0475
0 0.7558333333333334 0.2375 0.051666666666666666 0.05333333333333334
0 0.5675 0.32 0.0475 0.043333333333333335
0 0.5041666666666667 0.1325 0.03833333333333333 0.04
0 0.4658333333333333 0.5208333333333334 0.03833333333333333 0.041666666666666664
0 0.43916666666666665 0.5608333333333333 0.049166666666666664 0.049166666666666664
0 0.4166666666666667 0.6158333333333333 0.04583333333333333 0.04583333333333333
0 0.37 0.6958333333333333 0.04 0.034166666666666665
0 0.22083333333333333 0.7316666666666667 0.04583333333333333 0.04583333333333333
0 0.25416666666666665 0.885 0.025 0.020833333333333332
0 0.235 0.9 0.020833333333333332 0.020833333333333332
0 0.245 0.6833333333333333 0.041666666666666664 0.0475
0 0.2891666666666667 0.5991666666666666 0.041666666666666664 0.041666666666666664
0 0.305 0.5591666666666667 0.043333333333333335 0.04583333333333333
0 0.35583333333333333 0.4683333333333333 0.04583333333333333 0.051666666666666666
0 0.37583333333333335 0.43 0.043333333333333335 0.04583333333333333
0 0.4066666666666667 0.37666666666666665 0.041666666666666664 0.041666666666666664
0 0.4275 0.33666666666666667 0.041666666666666664 0.03833333333333333
0 0.44666666666666666 0.2916666666666667 0.041666666666666664 0.043333333333333335
0 0.47583333333333333 0.2425 0.043333333333333335 0.043333333333333335
0 0.43083333333333335 0.20333333333333334 0.0325 0.041666666666666664
0 0.38416666666666666 0.18083333333333335 0.03833333333333333 0.049166666666666664