0 0.8608333333333333 0.7791666666666667 0.05333333333333334 0.049166666666666664
0 0.7716666666666666 0.8041666666666667 0.05333333333333334 0.049166666666666664
0 0.42583333333333334 0.42 0.04583333333333333 0.04583333333333333
0 0.1975 0.61 0.03833333333333333 0.041666666666666664
0 0.2975 0.6091666666666666 0.0325 0.04
0 0.2808333333333333 0.29 0.0325 0.0325
0 0.3225 0.215 0.035833333333333335 0.034166666666666665
0 0.12833333333333333 0.7183333333333334 0.028333333333333332 0.02666666666666667
0 0.20916666666666667 0.09333333333333334 0.0225 0.0225
0 0.255 0.19166666666666668 0.030833333333333334 0.0225
0 0.18916666666666668 0.0325 0.0175 0.015
0 0.18333333333333332 0.07916666666666666 0.0175 0.013333333333333334
0 0.14833333333333334 0.04 0.015 0.015
0 0.17083333333333334 0.06666666666666667 0.015 0.015
0 0.1575 0.05416666666666667 0.011666666666666667 0.009166666666666667
0 0.3525 0.5208333333333334 0.020833333333333332 0.019166666666666665
0 0.2833333333333333 0.5558333333333333 0.0225 0.025
0 0.14333333333333334 0.7541666666666667 0.0325 0.0325
0 0.1825 0.14166666666666666 0.019166666666666665 0.020833333333333332
0 0.15 0.18 0.0225 0.028333333333333332
0 0.16666666666666666 0.7833333333333333 0.028333333333333332 0.0225
0 0.2075 0.6866666666666666 0.019166666666666665 0.019166666666666665