0 0.8958333333333334 0.11083333333333334 0.06 0.05416666666666667
0 0.8775 0.058333333333333334 0.030833333333333334 0.029166666666666667
0 0.9133333333333333 0.29333333333333333 0.0325 0.029166666666666667
0 0.85 0.275 0.025 0.0325
0 0.7433333333333333 0.32166666666666666 0.0275 0.0275
0 0.6841666666666667 0.3225 0.0275 0.029166666666666667
0 0.32 0.37083333333333335 0.045 0.045
0 0.2575 0.37833333333333335 0.050833333333333335 0.0475
0 0.18666666666666668 0.37916666666666665 0.050833333333333335 0.049166666666666664
0 0.10083333333333333 0.4083333333333333 0.0275 0.034166666666666665
0 0.056666666666666664 0.4125 0.030833333333333334 0.030833333333333334