0 0.16416666666666666 0.57 0.045 0.060833333333333336
0 0.08 0.5708333333333333 0.041666666666666664 0.043333333333333335
0 0.011666666666666667 0.5725 0.02 0.059166666666666666
0 0.4075 0.3625 0.0275 0.03916666666666667
0 0.445 0.36583333333333334 0.023333333333333334 0.0275
0 0.47833333333333333 0.36583333333333334 0.023333333333333334 0.0275
0 0.555 0.3591666666666667 0.023333333333333334 0.03333333333333333
0 0.5875 0.3625 0.021666666666666667 0.0275
0 0.6208333333333333 0.355 0.03333333333333333 0.03333333333333333
0 0.9958333333333333 0.6883333333333334 0.0075 0.041666666666666664
0 0.8541666666666666 0.5 0.043333333333333335 0.035833333333333335
0 0.8491666666666666 0.5691666666666667 0.03333333333333333 0.03166666666666667
0 0.6508333333333334 0.795 0.03333333333333333 0.03166666666666667
0 0.6141666666666666 0.7225 0.035833333333333335 0.0275
0 0.61 0.6583333333333333 0.043333333333333335 0.0375
0 0.6191666666666666 0.6 0.029166666666666667 0.02
0 0.605 0.5366666666666666 0.03333333333333333 0.029166666666666667
0 0.5525 0.5158333333333334 0.029166666666666667 0.03166666666666667
0 0.5016666666666667 0.5166666666666667 0.035833333333333335 0.0375
0 0.45 0.5366666666666666 0.029166666666666667 0.025833333333333333
0 0.44083333333333335 0.6108333333333333 0.03916666666666667 0.0375