0 0.5291666666666667 0.6225 0.04666666666666667 0.035833333333333335
0 0.7675 0.47833333333333333 0.035833333333333335 0.035833333333333335
0 0.5383333333333333 0.3858333333333333 0.035833333333333335 0.03333333333333333
0 0.3591666666666667 0.345 0.0575 0.06333333333333334
0 0.5641666666666667 0.021666666666666667 0.03166666666666667 0.03166666666666667
0 0.16583333333333333 0.44333333333333336 0.045 0.04666666666666667
0 0.065 0.5733333333333334 0.03333333333333333 0.03916666666666667
0 0.155 0.6716666666666666 0.03 0.03
0 0.24833333333333332 0.5258333333333334 0.03 0.03333333333333333
0 0.20916666666666667 0.48 0.03 0.03916666666666667
0 0.2733333333333333 0.4675 0.035833333333333335 0.03166666666666667
0 0.4083333333333333 0.4041666666666667 0.04083333333333333 0.05
0 0.5991666666666666 0.555 0.0375 0.035833333333333335
0 0.2375 0.145 0.028333333333333332 0.020833333333333332
0 0.09166666666666666 0.6158333333333333 0.03 0.025833333333333333
0 0.2833333333333333 0.5658333333333333 0.025833333333333333 0.035833333333333335
0 0.4791666666666667 0.46 0.03 0.03166666666666667
0 0.5325 0.15416666666666667 0.035833333333333335 0.03166666666666667
0 0.4483333333333333 0.18416666666666667 0.03166666666666667 0.03166666666666667
0 0.42833333333333334 0.21416666666666667 0.03166666666666667 0.03333333333333333
0 0.4841666666666667 0.49416666666666664 0.03166666666666667 0.025833333333333333
0 0.64 0.545 0.0375 0.03333333333333333
0 0.5708333333333333 0.5225 0.03 0.03
0 0.5333333333333333 0.5183333333333333 0.03333333333333333 0.03333333333333333
0 0.6958333333333333 0.4866666666666667 0.03 0.03
0 0.3416666666666667 0.29 0.03 0.03166666666666667
0 0.4975 0.11666666666666667 0.035833333333333335 0.03166666666666667