0 0.9108333333333334 0.8283333333333334 0.09166666666666666 0.07416666666666667
0 0.9016666666666666 0.755 0.08416666666666667 0.0725
0 0.8958333333333334 0.6833333333333333 0.08416666666666667 0.07
0 0.8983333333333333 0.5558333333333333 0.07 0.06833333333333333
0 0.3908333333333333 0.6183333333333333 0.058333333333333334 0.060833333333333336
0 0.7591666666666667 0.8275 0.0725 0.0725
0 0.6366666666666667 0.7483333333333333 0.058333333333333334 0.055
0 0.7491666666666666 0.6725 0.04083333333333333 0.03333333333333333
0 0.6316666666666667 0.6866666666666666 0.060833333333333336 0.0525
0 0.5683333333333334 0.6425 0.0625 0.06666666666666667
0 0.7333333333333333 0.5666666666666667 0.049166666666666664 0.055
0 0.6658333333333334 0.5808333333333333 0.055 0.06416666666666666
0 0.5233333333333333 0.7541666666666667 0.055 0.043333333333333335
0 0.08166666666666667 0.8825 0.035 0.03166666666666667
0 0.2 0.905 0.0525 0.03333333333333333
0 0.30666666666666664 0.8858333333333334 0.043333333333333335 0.04083333333333333
0 0.6408333333333334 0.5183333333333333 0.050833333333333335 0.0375
0 0.060833333333333336 0.71 0.055 0.049166666666666664
0 0.6175 0.6358333333333334 0.035 0.0375
0 0.42083333333333334 0.8216666666666667 0.045 0.04083333333333333
0 0.4033333333333333 0.7625 0.0525 0.045
0 0.5225 0.7108333333333333 0.04083333333333333 0.0275
0 0.6066666666666667 0.5816666666666667 0.045 0.050833333333333335
0 0.5375 0.86 0.03166666666666667 0.025
0 0.42083333333333334 0.8716666666666667 0.03333333333333333 0.025