0 0.07 0.2325 0.03333333333333333 0.03
0 0.08583333333333333 0.25833333333333336 0.04416666666666667 0.03166666666666667
0 0.19916666666666666 0.24083333333333334 0.03 0.03
0 0.11416666666666667 0.31333333333333335 0.0375 0.03
0 0.15583333333333332 0.4075 0.028333333333333332 0.03
0 0.17333333333333334 0.44666666666666666 0.025 0.03166666666666667
0 0.21583333333333332 0.42916666666666664 0.03166666666666667 0.028333333333333332
0 0.25666666666666665 0.3908333333333333 0.03 0.020833333333333332
0 0.25666666666666665 0.35583333333333333 0.03333333333333333 0.023333333333333334
0 0.22666666666666666 0.2966666666666667 0.03 0.028333333333333332
0 0.355 0.365 0.0425 0.0375
0 0.5108333333333334 0.2775 0.035 0.03166666666666667
0 0.25666666666666665 0.5833333333333334 0.04416666666666667 0.028333333333333332
0 0.9866666666666667 0.5383333333333333 0.023333333333333334 0.03
0 0.6491666666666667 0.28833333333333333 0.03 0.028333333333333332
0 0.62 0.31833333333333336 0.035 0.028333333333333332
0 0.8283333333333334 0.31333333333333335 0.035 0.023333333333333334
0 0.8525 0.3383333333333333 0.02666666666666667 0.02666666666666667
0 0.9266666666666666 0.4075 0.0375 0.0375
0 0.9033333333333333 0.020833333333333332 0.043333333333333335 0.041666666666666664
0 0.8691666666666666 0.13083333333333333 0.03166666666666667 0.028333333333333332
0 0.96 0.11166666666666666 0.02666666666666667 0.03166666666666667
0 0.9916666666666667 0.16083333333333333 0.0125 0.028333333333333332
0 0.9791666666666666 0.21166666666666667 0.035 0.03166666666666667
0 0.9908333333333333 0.32916666666666666 0.014166666666666666 0.03
0 0.8 0.44416666666666665 0.028333333333333332 0.04083333333333333
0 0.9716666666666667 0.30833333333333335 0.020833333333333332 0.019166666666666665
0 0.7241666666666666 0.37 0.020833333333333332 0.02666666666666667