0 0.8883333333333333 0.7033333333333334 0.03916666666666667 0.0425
0 0.9533333333333334 0.8208333333333333 0.019166666666666665 0.019166666666666665
0 0.8083333333333333 0.6808333333333333 0.03 0.04083333333333333
0 0.8108333333333333 0.8816666666666667 0.03916666666666667 0.0425
0 0.9183333333333333 0.9075 0.04583333333333333 0.0475
0 0.77 0.985 0.025 0.019166666666666665
0 0.7458333333333333 0.9758333333333333 0.025 0.019166666666666665
0 0.2125 0.7758333333333334 0.03 0.028333333333333332
0 0.23833333333333334 0.7008333333333333 0.03166666666666667 0.03333333333333333
0 0.2808333333333333 0.7191666666666666 0.035 0.04583333333333333
0 0.32916666666666666 0.7316666666666667 0.03 0.020833333333333332
0 0.37083333333333335 0.6566666666666666 0.020833333333333332 0.019166666666666665
0 0.29083333333333333 0.6333333333333333 0.03 0.03
0 0.2475 0.6083333333333333 0.035 0.02666666666666667
0 0.34 0.5441666666666667 0.03 0.03166666666666667
0 0.37916666666666665 0.5541666666666667 0.02666666666666667 0.03
0 0.435 0.5741666666666667 0.04583333333333333 0.049166666666666664