0 0.585 0.8025 0.04583333333333333 0.051666666666666666
0 0.4575 0.9075 0.0625 0.060833333333333336
0 0.39916666666666667 0.9108333333333334 0.0475 0.05333333333333334
0 0.3333333333333333 0.91 0.051666666666666666 0.055
0 0.2816666666666667 0.9125 0.051666666666666666 0.055
0 0.23416666666666666 0.9258333333333333 0.04416666666666667 0.06416666666666666
0 0.15916666666666668 0.8791666666666667 0.06583333333333333 0.051666666666666666
0 0.7808333333333334 0.48833333333333334 0.035 0.030833333333333334
0 0.8916666666666667 0.3075 0.051666666666666666 0.0475
0 0.7775 0.44166666666666665 0.0425 0.04
0 0.67 0.5275 0.058333333333333334 0.0625
0 0.7508333333333334 0.38916666666666666 0.055 0.04583333333333333
0 0.7391666666666666 0.3375 0.056666666666666664 0.04583333333333333
0 0.6308333333333334 0.3925 0.060833333333333336 0.056666666666666664
0 0.61 0.3416666666666667 0.051666666666666666 0.04583333333333333
0 0.4791666666666667 0.45166666666666666 0.056666666666666664 0.05333333333333334
0 0.14416666666666667 0.5166666666666667 0.049166666666666664 0.051666666666666666