0 0.6408333333333334 0.26666666666666666 0.04416666666666667 0.04583333333333333
0 0.5858333333333333 0.26 0.04416666666666667 0.04
0 0.5316666666666666 0.2625 0.03833333333333333 0.049166666666666664
0 0.285 0.525 0.04583333333333333 0.049166666666666664
0 0.19416666666666665 0.5258333333333334 0.04416666666666667 0.051666666666666666
0 0.14416666666666667 0.5241666666666667 0.0425 0.051666666666666666
0 0.695 0.35 0.030833333333333334 0.03666666666666667
0 0.37583333333333335 0.3591666666666667 0.0475 0.058333333333333334
0 0.8525 0.3525 0.0275 0.024166666666666666
0 0.6241666666666666 0.6 0.021666666666666667 0.030833333333333334
0 0.4241666666666667 0.5958333333333333 0.016666666666666666 0.024166666666666666
0 0.3541666666666667 0.6008333333333333 0.02 0.025833333333333333
0 0.4125 0.6133333333333333 0.018333333333333333 0.025833333333333333
0 0.8241666666666667 0.7441666666666666 0.03333333333333333 0.03833333333333333
0 0.6683333333333333 0.775 0.03666666666666667 0.04416666666666667
0 0.7325 0.7958333333333333 0.018333333333333333 0.016666666666666666
0 0.7316666666666667 0.8225 0.02 0.021666666666666667
0 0.79 0.9625 0.049166666666666664 0.056666666666666664
0 0.7341666666666666 0.9691666666666666 0.03666666666666667 0.04416666666666667
0 0.6208333333333333 0.9658333333333333 0.0475 0.05333333333333334
0 0.7133333333333334 0.09666666666666666 0.024166666666666666 0.018333333333333333