0 0.305 0.4891666666666667 0.05416666666666667 0.07166666666666667
0 0.49 0.45666666666666667 0.06166666666666667 0.06333333333333334
0 0.08 0.42833333333333334 0.04083333333333333 0.03833333333333333
0 0.3466666666666667 0.42333333333333334 0.0525 0.06
0 0.07083333333333333 0.3641666666666667 0.04833333333333333 0.06333333333333334
0 0.84 0.2633333333333333 0.07333333333333333 0.06
0 0.4033333333333333 0.24833333333333332 0.05 0.04833333333333333
0 0.35333333333333333 0.2075 0.04666666666666667 0.04416666666666667
0 0.5808333333333333 0.1975 0.05416666666666667 0.0525
0 0.13666666666666666 0.16083333333333333 0.035 0.04083333333333333
0 0.06666666666666667 0.15 0.04083333333333333 0.0325
0 0.585 0.135 0.0425 0.04666666666666667
0 0.365 0.12666666666666668 0.03833333333333333 0.04833333333333333
0 0.029166666666666667 0.11166666666666666 0.02666666666666667 0.03833333333333333
0 0.42 0.0925 0.0525 0.06166666666666667
0 0.47333333333333333 0.06666666666666667 0.04666666666666667 0.05583333333333333
0 0.7016666666666667 0.035 0.029166666666666667 0.030833333333333334