0 0.5091666666666667 0.7691666666666667 0.0225 0.024166666666666666
0 0.5533333333333333 0.8416666666666667 0.03 0.035
0 0.6533333333333333 0.9033333333333333 0.03 0.03333333333333333
0 0.69 0.8116666666666666 0.035 0.03166666666666667
0 0.8241666666666667 0.76 0.025833333333333333 0.0275
0 0.8666666666666667 0.6266666666666667 0.025833333333333333 0.03166666666666667
0 0.3258333333333333 0.4425 0.0225 0.025833333333333333
0 0.39916666666666667 0.45 0.024166666666666666 0.025833333333333333
0 0.4558333333333333 0.42583333333333334 0.025833333333333333 0.025833333333333333
0 0.49416666666666664 0.425 0.03333333333333333 0.024166666666666666
0 0.6908333333333333 0.41 0.0225 0.02
0 0.6 0.41583333333333333 0.0225 0.0275
0 0.5408333333333334 0.4008333333333333 0.03 0.03166666666666667
0 0.44 0.805 0.0275 0.02
0 0.4191666666666667 0.6841666666666667 0.02 0.024166666666666666
0 0.4058333333333333 0.63 0.0225 0.0225
0 0.395 0.5725 0.024166666666666666 0.025833333333333333
0 0.38916666666666666 0.5433333333333333 0.03 0.02
0 0.5325 0.9475 0.0275 0.0275
0 0.15 0.48583333333333334 0.03 0.035
0 0.21666666666666667 0.5466666666666666 0.0225 0.025833333333333333
0 0.22416666666666665 0.5666666666666667 0.0225 0.0225
0 0.24166666666666667 0.5533333333333333 0.024166666666666666 0.018333333333333333
0 0.165 0.4483333333333333 0.010833333333333334 0.015
0 0.15 0.4525 0.015 0.016666666666666666
0 0.22333333333333333 0.485 0.016666666666666666 0.0225
0 0.24166666666666667 0.4975 0.024166666666666666 0.024166666666666666
0 0.2475 0.4816666666666667 0.03166666666666667 0.015
0 0.245 0.4508333333333333 0.0275 0.016666666666666666
0 0.1675 0.5841666666666666 0.024166666666666666 0.02
0 0.4325 0.9308333333333333 0.02 0.02
0 0.4083333333333333 0.9341666666666667 0.016666666666666666 0.02
0 0.35333333333333333 0.9166666666666666 0.03 0.025833333333333333
0 0.19083333333333333 0.6191666666666666 0.0225 0.024166666666666666
0 0.1575 0.6016666666666667 0.025833333333333333 0.0225
0 0.175 0.615 0.02 0.018333333333333333
0 0.20666666666666667 0.6091666666666666 0.02 0.0225