0 0.0425 0.7683333333333333 0.085 0.14333333333333334
0 0.1825 0.9433333333333334 0.08 0.07666666666666666
0 0.24666666666666667 0.8933333333333333 0.07666666666666666 0.075
0 0.20833333333333334 0.7716666666666666 0.11666666666666667 0.13166666666666665
0 0.3175 0.7375 0.1025 0.09833333333333333
0 0.24166666666666667 0.6283333333333333 0.08583333333333333 0.09666666666666666
0 0.32 0.5308333333333334 0.075 0.06916666666666667
0 0.3458333333333333 0.6216666666666667 0.09333333333333334 0.09666666666666666
0 0.42083333333333334 0.6516666666666666 0.115 0.10583333333333333
0 0.5058333333333334 0.595 0.13166666666666665 0.13166666666666665
0 0.40166666666666667 0.5416666666666666 0.1025 0.10583333333333333
0 0.4241666666666667 0.43 0.0675 0.0675
0 0.5 0.4708333333333333 0.12083333333333333 0.1025
0 0.6608333333333334 0.44083333333333335 0.11333333333333333 0.13666666666666666
0 0.7325 0.3725 0.09333333333333334 0.1025
0 0.6133333333333333 0.335 0.07333333333333333 0.05333333333333334
0 0.5416666666666666 0.31 0.06916666666666667 0.04416666666666667
0 0.5583333333333333 0.3958333333333333 0.095 0.08
0 0.605 0.25166666666666665 0.049166666666666664 0.03666666666666667
0 0.65 0.2175 0.0475 0.04
0 0.69 0.18 0.06916666666666667 0.041666666666666664
0 0.695 0.26666666666666666 0.07666666666666666 0.050833333333333335
0 0.81 0.2891666666666667 0.095 0.1
0 0.8816666666666667 0.24 0.06583333333333333 0.056666666666666664
0 0.7666666666666667 0.125 0.07666666666666666 0.0675
0 0.835 0.05416666666666667 0.1 0.07833333333333334
0 0.8841666666666667 0.02 0.08583333333333333 0.04
0 0.9558333333333333 0.05333333333333334 0.04416666666666667 0.04
0 0.8716666666666667 0.16666666666666666 0.1075 0.09333333333333334
0 0.9433333333333334 0.1525 0.04 0.03833333333333333
0 0.9408333333333333 0.10583333333333333 0.056666666666666664 0.050833333333333335
0 0.9458333333333333 0.0075 0.049166666666666664 0.015
0 0.4925 0.35333333333333333 0.0475 0.035