0 0.10083333333333333 0.6141666666666666 0.0425 0.03916666666666667
0 0.17083333333333334 0.4666666666666667 0.035 0.035
0 0.27166666666666667 0.43333333333333335 0.0275 0.029166666666666667
0 0.30833333333333335 0.43333333333333335 0.030833333333333334 0.04083333333333333
0 0.3458333333333333 0.44416666666666665 0.03333333333333333 0.03916666666666667
0 0.3775 0.4583333333333333 0.030833333333333334 0.03666666666666667
0 0.4191666666666667 0.4275 0.03333333333333333 0.029166666666666667
0 0.4425 0.5275 0.03666666666666667 0.0275
0 0.45416666666666666 0.5825 0.029166666666666667 0.021666666666666667
0 0.5475 0.4008333333333333 0.03333333333333333 0.030833333333333334
0 0.7616666666666667 0.31083333333333335 0.03916666666666667 0.03333333333333333