0 0.0925 0.44666666666666666 0.055 0.056666666666666664
0 0.10083333333333333 0.37916666666666665 0.056666666666666664 0.058333333333333334
0 0.25333333333333335 0.3575 0.055 0.058333333333333334
0 0.31083333333333335 0.36333333333333334 0.056666666666666664 0.055
0 0.23416666666666666 0.46 0.0375 0.04416666666666667
0 0.275 0.465 0.03 0.04583333333333333
0 0.47583333333333333 0.38166666666666665 0.0475 0.05333333333333334
0 0.5233333333333333 0.3858333333333333 0.03916666666666667 0.0475
0 0.7233333333333334 0.3933333333333333 0.03333333333333333 0.03333333333333333
0 0.7591666666666667 0.39916666666666667 0.03 0.028333333333333332
0 0.8325 0.4125 0.03166666666666667 0.02666666666666667
0 0.8675 0.4166666666666667 0.03166666666666667 0.025
0 0.9008333333333334 0.4225 0.028333333333333332 0.025
0 0.9541666666666667 0.43333333333333335 0.025 0.019166666666666665
0 0.9833333333333333 0.43833333333333335 0.023333333333333334 0.0175