0 0.6675 0.8191666666666667 0.03166666666666667 0.03833333333333333
0 0.5341666666666667 0.6966666666666667 0.025833333333333333 0.024166666666666666
0 0.5616666666666666 0.665 0.03333333333333333 0.03333333333333333
0 0.2783333333333333 0.5916666666666667 0.035 0.03333333333333333
0 0.7258333333333333 0.9725 0.03 0.03833333333333333
0 0.7666666666666667 0.9591666666666666 0.03166666666666667 0.03666666666666667
0 0.12166666666666667 0.3875 0.035 0.04
0 0.08583333333333333 0.3283333333333333 0.025833333333333333 0.03666666666666667
0 0.26166666666666666 0.2758333333333333 0.024166666666666666 0.025833333333333333
0 0.16833333333333333 0.19583333333333333 0.019166666666666665 0.015833333333333335
0 0.18916666666666668 0.17166666666666666 0.019166666666666665 0.015833333333333335
0 0.13666666666666666 0.12416666666666666 0.019166666666666665 0.019166666666666665
0 0.15833333333333333 0.11333333333333333 0.0175 0.0175
0 0.07333333333333333 0.09416666666666666 0.020833333333333332 0.024166666666666666
0 0.1 0.0775 0.0225 0.025833333333333333
0 0.8516666666666667 0.9058333333333334 0.0275 0.03166666666666667
0 0.9141666666666667 0.8633333333333333 0.03666666666666667 0.04