0 0.69 0.6925 0.04416666666666667 0.035
0 0.6575 0.7616666666666667 0.0425 0.03666666666666667
0 0.87 0.9233333333333333 0.060833333333333336 0.06833333333333333
0 0.9658333333333333 0.5533333333333333 0.04583333333333333 0.04833333333333333
0 0.9041666666666667 0.56 0.03666666666666667 0.0425
0 0.8516666666666667 0.5783333333333334 0.0425 0.04583333333333333
0 0.7616666666666667 0.4225 0.03666666666666667 0.03666666666666667
0 0.8625 0.38916666666666666 0.035 0.03666666666666667
0 0.9258333333333333 0.3725 0.03333333333333333 0.04833333333333333
0 0.8333333333333334 0.8141666666666667 0.0425 0.035
0 0.845 0.8691666666666666 0.0625 0.051666666666666666