0 0.27666666666666667 0.32916666666666666 0.045 0.049166666666666664
0 0.11583333333333333 0.44416666666666665 0.028333333333333332 0.028333333333333332
0 0.7725 0.5716666666666667 0.0225 0.02666666666666667
0 0.27166666666666667 0.4725 0.028333333333333332 0.024166666666666666
0 0.2808333333333333 0.49916666666666665 0.024166666666666666 0.028333333333333332
0 0.21916666666666668 0.49 0.016666666666666666 0.020833333333333332
0 0.23083333333333333 0.515 0.02666666666666667 0.03
0 0.14083333333333334 0.48833333333333334 0.02666666666666667 0.02666666666666667
0 0.11083333333333334 0.49583333333333335 0.0225 0.02666666666666667
0 0.7425 0.7841666666666667 0.02666666666666667 0.0225
0 0.7216666666666667 0.75 0.0225 0.019166666666666665
0 0.7191666666666666 0.7716666666666666 0.020833333333333332 0.016666666666666666
0 0.7033333333333334 0.7566666666666667 0.0225 0.020833333333333332
0 0.6866666666666666 0.7366666666666667 0.024166666666666666 0.0225