0 0.06166666666666667 0.01 0.02666666666666667 0.015833333333333335
0 0.25833333333333336 0.025833333333333333 0.023333333333333334 0.023333333333333334
0 0.30416666666666664 0.011666666666666667 0.021666666666666667 0.02
0 0.3875 0.03916666666666667 0.02 0.021666666666666667
0 0.4325 0.03833333333333333 0.02 0.023333333333333334
0 0.7125 0.059166666666666666 0.0325 0.035833333333333335
0 0.7625 0.06166666666666667 0.035833333333333335 0.045
0 0.8166666666666667 0.06166666666666667 0.0325 0.0375
0 0.8833333333333333 0.0775 0.021666666666666667 0.025
0 0.9166666666666666 0.08 0.023333333333333334 0.02666666666666667
0 0.9633333333333334 0.7291666666666666 0.030833333333333334 0.030833333333333334
0 0.97 0.7883333333333333 0.02 0.02666666666666667
0 0.9441666666666667 0.7858333333333334 0.025 0.029166666666666667
0 0.9158333333333334 0.7858333333333334 0.021666666666666667 0.025
0 0.9058333333333334 0.8308333333333333 0.023333333333333334 0.021666666666666667
0 0.7591666666666667 0.7125 0.03916666666666667 0.04666666666666667
0 0.705 0.7108333333333333 0.035833333333333335 0.03916666666666667
0 0.6508333333333334 0.7083333333333334 0.029166666666666667 0.029166666666666667
0 0.7625 0.825 0.043333333333333335 0.0525
0 0.6708333333333333 0.8158333333333333 0.03916666666666667 0.041666666666666664
0 0.6225 0.8133333333333334 0.035833333333333335 0.043333333333333335
0 0.375 0.7583333333333333 0.015833333333333335 0.015833333333333335
0 0.4091666666666667 0.755 0.02 0.021666666666666667
0 0.405 0.815 0.021666666666666667 0.025
0 0.4825 0.8308333333333333 0.0125 0.014166666666666666
0 0.36833333333333335 0.87 0.021666666666666667 0.02666666666666667
0 0.3075 0.8683333333333333 0.021666666666666667 0.021666666666666667
0 0.21583333333333332 0.7183333333333334 0.03916666666666667 0.041666666666666664
0 0.17416666666666666 0.7183333333333334 0.035833333333333335 0.0375
0 0.11833333333333333 0.7891666666666667 0.0325 0.035833333333333335
0 0.060833333333333336 0.8116666666666666 0.03916666666666667 0.041666666666666664
0 0.019166666666666665 0.805 0.0375 0.041666666666666664
0 0.14666666666666667 0.4175 0.04833333333333333 0.043333333333333335