0 0.3258333333333333 0.12083333333333333 0.055 0.059166666666666666
0 0.32916666666666666 0.17 0.06833333333333333 0.0625
0 0.06666666666666667 0.5333333333333333 0.05333333333333334 0.0475
0 0.011666666666666667 0.5425 0.019166666666666665 0.055
0 0.034166666666666665 0.8575 0.05333333333333334 0.049166666666666664
0 0.21416666666666667 0.8283333333333334 0.055 0.059166666666666666
0 0.195 0.9308333333333333 0.059166666666666666 0.06666666666666667
0 0.7433333333333333 0.8025 0.04583333333333333 0.05333333333333334
0 0.6908333333333333 0.8 0.051666666666666666 0.049166666666666664
0 0.845 0.9816666666666667 0.0625 0.0325
0 0.9733333333333334 0.14166666666666666 0.05 0.08333333333333333
0 0.5183333333333333 0.8975 0.059166666666666666 0.049166666666666664