0 0.6466666666666666 0.19583333333333333 0.03333333333333333 0.04
0 0.5066666666666667 0.32416666666666666 0.0275 0.025833333333333333
0 0.5358333333333334 0.35833333333333334 0.035 0.035
0 0.23833333333333334 0.435 0.03666666666666667 0.035
0 0.7075 0.035 0.030833333333333334 0.04
0 0.7508333333333334 0.04833333333333333 0.03333333333333333 0.03833333333333333
0 0.07333333333333333 0.6491666666666667 0.03666666666666667 0.0425
0 0.035833333333333335 0.7116666666666667 0.0275 0.03833333333333333
0 0.22 0.7666666666666667 0.025833333333333333 0.0275
0 0.12166666666666667 0.8508333333333333 0.02 0.016666666666666666
0 0.14416666666666667 0.8766666666666667 0.02 0.016666666666666666
0 0.08916666666666667 0.9258333333333333 0.02 0.02
0 0.11166666666666666 0.9375 0.018333333333333333 0.018333333333333333
0 0.021666666666666667 0.9575 0.021666666666666667 0.025833333333333333
0 0.05 0.975 0.024166666666666666 0.0275
0 0.8408333333333333 0.10416666666666667 0.029166666666666667 0.03333333333333333
0 0.9058333333333334 0.14916666666666667 0.03833333333333333 0.0425