0 0.5325 0.6208333333333333 0.07916666666666666 0.07916666666666666
0 0.6708333333333333 0.5183333333333333 0.0825 0.07583333333333334
0 0.955 0.23916666666666667 0.04666666666666667 0.05
0 0.8666666666666667 0.22666666666666666 0.04666666666666667 0.04666666666666667
0 0.7675 0.22416666666666665 0.0525 0.0525
0 0.6675 0.23 0.04666666666666667 0.05416666666666667
0 0.56 0.24583333333333332 0.04833333333333333 0.059166666666666666
0 0.4708333333333333 0.2325 0.03916666666666667 0.059166666666666666
0 0.3625 0.2275 0.041666666666666664 0.06333333333333334
0 0.255 0.225 0.04666666666666667 0.060833333333333336
0 0.04583333333333333 0.6716666666666666 0.0375 0.0375
0 0.04583333333333333 0.36 0.0375 0.03916666666666667
0 0.034166666666666665 0.44 0.0325 0.041666666666666664
0 0.0475 0.5775 0.0375 0.043333333333333335