0 0.275 0.7583333333333333 0.04666666666666667 0.0425
0 0.3825 0.75 0.035 0.03333333333333333
0 0.1475 0.7325 0.05 0.0425
0 0.44916666666666666 0.7225 0.05333333333333334 0.04833333333333333
0 0.11833333333333333 0.6941666666666667 0.025833333333333333 0.025833333333333333
0 0.5733333333333334 0.6783333333333333 0.035 0.0275
0 0.4716666666666667 0.6008333333333333 0.0275 0.024166666666666666
0 0.7716666666666666 0.5983333333333334 0.0275 0.018333333333333333
0 0.5633333333333334 0.5716666666666667 0.03333333333333333 0.024166666666666666
0 0.5491666666666667 0.5266666666666666 0.0275 0.024166666666666666
0 0.9925 0.5158333333333334 0.011666666666666667 0.028333333333333332
0 0.8075 0.5025 0.04083333333333333 0.0425
0 0.9683333333333334 0.4925 0.03333333333333333 0.0225
0 0.6808333333333333 0.45666666666666667 0.03916666666666667 0.0425
0 0.775 0.44916666666666666 0.02 0.024166666666666666
0 0.5883333333333334 0.4475 0.03166666666666667 0.024166666666666666
0 0.6408333333333334 0.42 0.0225 0.025833333333333333
0 0.885 0.415 0.04833333333333333 0.04083333333333333
0 0.9816666666666667 0.36666666666666664 0.03 0.0225
0 0.9216666666666666 0.315 0.024166666666666666 0.0225
0 0.055 0.9441666666666667 0.024166666666666666 0.0225
0 0.92 0.2683333333333333 0.018333333333333333 0.0225
0 0.9433333333333334 0.2575 0.02 0.018333333333333333
0 0.09666666666666666 0.925 0.03 0.024166666666666666
0 0.16166666666666665 0.8633333333333333 0.024166666666666666 0.0225
0 0.21166666666666667 0.8566666666666667 0.024166666666666666 0.0275