0 0.06416666666666666 0.3591666666666667 0.035833333333333335 0.04666666666666667
0 0.475 0.295 0.03166666666666667 0.03333333333333333
0 0.77 0.2625 0.028333333333333332 0.03166666666666667
0 0.8925 0.2758333333333333 0.024166666666666666 0.0375
0 0.9858333333333333 0.395 0.024166666666666666 0.035833333333333335
0 0.9441666666666667 0.4033333333333333 0.025833333333333333 0.03333333333333333
0 0.8958333333333334 0.41333333333333333 0.0225 0.028333333333333332
0 0.8358333333333333 0.42333333333333334 0.025833333333333333 0.03333333333333333
0 0.7525 0.43166666666666664 0.035833333333333335 0.035833333333333335
0 0.6375 0.43583333333333335 0.0425 0.0425
0 0.4691666666666667 0.4608333333333333 0.0425 0.0375
0 0.37166666666666665 0.4775 0.04083333333333333 0.0525