0 0.41083333333333333 0.14833333333333334 0.0225 0.0225
0 0.7225 0.17416666666666666 0.019166666666666665 0.025
0 0.44 0.265 0.0175 0.020833333333333332
0 0.4683333333333333 0.3425 0.0325 0.030833333333333334
0 0.4608333333333333 0.38 0.0325 0.034166666666666665
0 0.41833333333333333 0.4508333333333333 0.0225 0.0225
0 0.35583333333333333 0.5066666666666667 0.02666666666666667 0.0325
0 0.3858333333333333 0.5608333333333333 0.0225 0.02666666666666667
0 0.3625 0.5883333333333334 0.028333333333333332 0.0325
0 0.54 0.6641666666666667 0.02666666666666667 0.028333333333333332
0 0.19833333333333333 0.034166666666666665 0.025 0.030833333333333334
0 0.24166666666666667 0.8591666666666666 0.02666666666666667 0.030833333333333334
0 0.6133333333333333 0.05333333333333334 0.0175 0.0225
0 0.5691666666666667 0.05583333333333333 0.0325 0.035833333333333335