0 0.8191666666666667 0.23083333333333333 0.06 0.05
0 0.8091666666666667 0.3475 0.0525 0.07166666666666667
0 0.62 0.4875 0.07 0.05583333333333333
0 0.605 0.5691666666666667 0.06166666666666667 0.0675
0 0.4891666666666667 0.5825 0.04833333333333333 0.06
0 0.5333333333333333 0.3525 0.05416666666666667 0.058333333333333334
0 0.3825 0.5675 0.04833333333333333 0.058333333333333334
0 0.2658333333333333 0.5258333333333334 0.05416666666666667 0.0525
0 0.29333333333333333 0.37083333333333335 0.06 0.05583333333333333
0 0.2816666666666667 0.285 0.0525 0.05
0 0.21583333333333332 0.08333333333333333 0.04833333333333333 0.05416666666666667
0 0.13583333333333333 0.23416666666666666 0.05416666666666667 0.07
0 0.03 0.32083333333333336 0.05583333333333333 0.0525
0 0.0125 0.5233333333333333 0.021666666666666667 0.05416666666666667