0 0.94 0.4683333333333333 0.08083333333333333 0.08416666666666667
0 0.4725 0.295 0.0375 0.035833333333333335
0 0.43166666666666664 0.2525 0.0325 0.0375
0 0.39666666666666667 0.30416666666666664 0.041666666666666664 0.035833333333333335
0 0.44416666666666665 0.3883333333333333 0.03916666666666667 0.0325
0 0.09916666666666667 0.2675 0.05416666666666667 0.0525
0 0.02 0.305 0.035833333333333335 0.059166666666666666
0 0.21583333333333332 0.2675 0.0575 0.07
0 0.2683333333333333 0.2833333333333333 0.0575 0.06333333333333334
0 0.29833333333333334 0.2675 0.025 0.030833333333333334
0 0.315 0.30333333333333334 0.035833333333333335 0.034166666666666665
0 0.0575 0.4325 0.0325 0.041666666666666664
0 0.07333333333333333 0.39 0.043333333333333335 0.05416666666666667
0 0.10666666666666667 0.38333333333333336 0.041666666666666664 0.065
0 0.2658333333333333 0.3975 0.05416666666666667 0.05416666666666667
0 0.19833333333333333 0.375 0.045 0.06666666666666667
0 0.1725 0.3883333333333333 0.043333333333333335 0.05
0 0.14916666666666667 0.36666666666666664 0.04666666666666667 0.065
0 0.33916666666666667 0.38416666666666666 0.034166666666666665 0.02666666666666667
0 0.2275 0.39416666666666667 0.04833333333333333 0.0575