0 0.9691666666666666 0.43416666666666665 0.02666666666666667 0.02666666666666667
0 0.7641666666666667 0.4925 0.030833333333333334 0.035
0 0.6975 0.4975 0.029166666666666667 0.029166666666666667
0 0.5925 0.49833333333333335 0.019166666666666665 0.019166666666666665
0 0.5633333333333334 0.49833333333333335 0.019166666666666665 0.019166666666666665
0 0.4766666666666667 0.43333333333333335 0.03833333333333333 0.04083333333333333
0 0.4325 0.44583333333333336 0.019166666666666665 0.019166666666666665
0 0.44583333333333336 0.5158333333333334 0.030833333333333334 0.03833333333333333
0 0.25166666666666665 0.5125 0.04416666666666667 0.04416666666666667
0 0.2025 0.5133333333333333 0.0425 0.04666666666666667
0 0.15833333333333333 0.5158333333333334 0.03833333333333333 0.04666666666666667
0 0.11083333333333334 0.5175 0.04416666666666667 0.04666666666666667
0 0.0625 0.52 0.04416666666666667 0.04083333333333333