0 0.07416666666666667 0.32416666666666666 0.04083333333333333 0.04416666666666667
0 0.009166666666666667 0.20166666666666666 0.018333333333333333 0.0225
0 0.15833333333333333 0.3475 0.03166666666666667 0.0425
0 0.15583333333333332 0.13666666666666666 0.04083333333333333 0.04416666666666667
0 0.0425 0.11 0.04833333333333333 0.05
0 0.19833333333333333 0.028333333333333332 0.025833333333333333 0.02
0 0.22416666666666665 0.03833333333333333 0.025833333333333333 0.02
0 0.7825 0.24833333333333332 0.03166666666666667 0.03
0 0.7558333333333334 0.32666666666666666 0.03333333333333333 0.035
0 0.7108333333333333 0.3075 0.03666666666666667 0.04833333333333333
0 0.66 0.2941666666666667 0.03166666666666667 0.0225
0 0.6166666666666667 0.37333333333333335 0.0225 0.02
0 0.7008333333333333 0.3975 0.03166666666666667 0.03166666666666667
0 0.7466666666666667 0.42333333333333334 0.03666666666666667 0.0275
0 0.6491666666666667 0.49083333333333334 0.03166666666666667 0.03333333333333333
0 0.6083333333333333 0.48083333333333333 0.0275 0.03166666666666667
0 0.55 0.45916666666666667 0.04833333333333333 0.051666666666666666