0 0.0325 0.7816666666666666 0.060833333333333336 0.06333333333333334
0 0.08583333333333333 0.7425 0.035 0.04416666666666667
0 0.14333333333333334 0.7191666666666666 0.05333333333333334 0.0725
0 0.20166666666666666 0.6966666666666667 0.04083333333333333 0.04083333333333333
0 0.13666666666666666 0.5941666666666666 0.06333333333333334 0.07
0 0.20166666666666666 0.5641666666666667 0.05583333333333333 0.05333333333333334
0 0.25333333333333335 0.665 0.05583333333333333 0.07
0 0.31083333333333335 0.6308333333333334 0.04416666666666667 0.060833333333333336
0 0.3983333333333333 0.6516666666666666 0.03666666666666667 0.03333333333333333
0 0.42 0.6841666666666667 0.04083333333333333 0.03916666666666667
0 0.28 0.885 0.03666666666666667 0.03666666666666667
0 0.245 0.8891666666666667 0.035 0.025833333333333333
0 0.225 0.9183333333333333 0.060833333333333336 0.03666666666666667
0 0.22583333333333333 0.9583333333333334 0.04833333333333333 0.035
0 0.3308333333333333 0.9866666666666667 0.045 0.023333333333333334
0 0.49833333333333335 0.9583333333333334 0.0225 0.0275
0 0.555 0.8983333333333333 0.03166666666666667 0.0225
0 0.625 0.8758333333333334 0.05 0.051666666666666666
0 0.6466666666666666 0.9466666666666667 0.03 0.025833333333333333
0 0.7366666666666667 0.9033333333333333 0.07416666666666667 0.059166666666666666
0 0.6975 0.8408333333333333 0.065 0.05583333333333333
0 0.7416666666666667 0.83 0.03166666666666667 0.04083333333333333
0 0.7825 0.8091666666666667 0.0425 0.03
0 0.7633333333333333 0.7341666666666666 0.04833333333333333 0.035
0 0.7483333333333333 0.6983333333333334 0.04083333333333333 0.025833333333333333
0 0.74 0.6591666666666667 0.035 0.03333333333333333
0 0.8666666666666667 0.6583333333333333 0.04833333333333333 0.04666666666666667
0 0.915 0.7216666666666667 0.051666666666666666 0.0575
0 0.9725 0.745 0.03666666666666667 0.03916666666666667
0 0.99 0.6408333333333334 0.016666666666666666 0.03333333333333333
0 0.9133333333333333 0.5275 0.03333333333333333 0.03666666666666667
0 0.9858333333333333 0.4975 0.024166666666666666 0.035
0 0.9883333333333333 0.37333333333333335 0.02 0.035
0 0.8033333333333333 0.43583333333333335 0.025833333333333333 0.0275
0 0.8408333333333333 0.41583333333333333 0.03666666666666667 0.0425
0 0.76 0.3358333333333333 0.03916666666666667 0.0425
0 0.9033333333333333 0.30916666666666665 0.03333333333333333 0.03
0 0.4008333333333333 0.9533333333333334 0.03166666666666667 0.03
0 0.30833333333333335 0.24833333333333332 0.04666666666666667 0.03666666666666667
0 0.25166666666666665 0.010833333333333334 0.04083333333333333 0.018333333333333333
0 0.33166666666666667 0.028333333333333332 0.051666666666666666 0.035
0 0.36583333333333334 0.09 0.065 0.05333333333333334
0 0.425 0.20083333333333334 0.06833333333333333 0.0575
0 0.465 0.2733333333333333 0.04083333333333333 0.03166666666666667
0 0.5266666666666666 0.20333333333333334 0.0425 0.04083333333333333
0 0.7691666666666667 0.09333333333333334 0.035 0.0425
0 0.795 0.11833333333333333 0.03916666666666667 0.04083333333333333
0 0.8016666666666666 0.18833333333333332 0.04416666666666667 0.035
0 0.6925 0.2675 0.04416666666666667 0.03166666666666667
0 0.935 0.24416666666666667 0.051666666666666666 0.04416666666666667
0 0.5283333333333333 0.8266666666666667 0.02 0.024166666666666666
0 0.5408333333333334 0.9425 0.0225 0.025833333333333333
0 0.5666666666666667 0.9258333333333333 0.04083333333333333 0.03
0 0.5283333333333333 0.85 0.035 0.025833333333333333