0 0.028333333333333332 0.9791666666666666 0.0375 0.034166666666666665
0 0.3925 0.6058333333333333 0.03 0.020833333333333332
0 0.39916666666666667 0.5525 0.035833333333333335 0.02666666666666667
0 0.4 0.53 0.034166666666666665 0.0225
0 0.3983333333333333 0.5041666666666667 0.0375 0.0225
0 0.40166666666666667 0.4791666666666667 0.035833333333333335 0.0225
0 0.4533333333333333 0.5366666666666666 0.034166666666666665 0.028333333333333332
0 0.4608333333333333 0.51 0.0375 0.028333333333333332
0 0.4608333333333333 0.4866666666666667 0.034166666666666665 0.0225
0 0.4583333333333333 0.4075 0.03 0.02666666666666667
0 0.42333333333333334 0.4025 0.03 0.02666666666666667
0 0.5075 0.41333333333333333 0.02666666666666667 0.0225
0 0.5091666666666667 0.36833333333333335 0.0225 0.019166666666666665
0 0.5141666666666667 0.3258333333333333 0.020833333333333332 0.020833333333333332