0 0.9741666666666666 0.955 0.0325 0.0325
0 0.8133333333333334 0.7466666666666667 0.015 0.013333333333333334
0 0.7816666666666666 0.7133333333333334 0.015 0.018333333333333333
0 0.7366666666666667 0.8325 0.016666666666666666 0.016666666666666666
0 0.7116666666666667 0.8333333333333334 0.015 0.018333333333333333
0 0.6875 0.835 0.016666666666666666 0.021666666666666667
0 0.6625 0.8391666666666666 0.016666666666666666 0.02
0 0.5483333333333333 0.8566666666666667 0.025 0.03
0 0.385 0.8725 0.013333333333333334 0.018333333333333333
0 0.36083333333333334 0.875 0.015 0.02
0 0.5708333333333333 0.6875 0.02666666666666667 0.03
0 0.6816666666666666 0.6758333333333333 0.025 0.03
0 0.8291666666666667 0.26916666666666667 0.016666666666666666 0.018333333333333333
0 0.8141666666666667 0.3175 0.013333333333333334 0.02
0 0.7133333333333334 0.39 0.025 0.03
0 0.63 0.6708333333333333 0.016666666666666666 0.016666666666666666
0 0.5191666666666667 0.6491666666666667 0.015 0.015
0 0.5108333333333334 0.6708333333333333 0.018333333333333333 0.016666666666666666
0 0.3825 0.72 0.015 0.02
0 0.3325 0.7266666666666667 0.013333333333333334 0.02
0 0.26416666666666666 0.6666666666666666 0.018333333333333333 0.021666666666666667
0 0.25333333333333335 0.6883333333333334 0.016666666666666666 0.015
0 0.26166666666666666 0.7316666666666667 0.016666666666666666 0.013333333333333334
0 0.25416666666666665 0.7116666666666667 0.018333333333333333 0.018333333333333333
0 0.21666666666666667 0.6658333333333334 0.0325 0.034166666666666665
0 0.17666666666666667 0.71 0.018333333333333333 0.018333333333333333
0 0.29333333333333333 0.5408333333333334 0.03916666666666667 0.050833333333333335
0 0.23916666666666667 0.505 0.028333333333333332 0.03
0 0.26666666666666666 0.43916666666666665 0.023333333333333334 0.03
0 0.23666666666666666 0.43916666666666665 0.02666666666666667 0.03
0 0.2808333333333333 0.36 0.028333333333333332 0.03
0 0.31416666666666665 0.35583333333333333 0.016666666666666666 0.021666666666666667
0 0.3433333333333333 0.3458333333333333 0.025 0.0325
0 0.37166666666666665 0.3375 0.016666666666666666 0.016666666666666666
0 0.3975 0.34833333333333333 0.0325 0.0375
0 0.41333333333333333 0.36583333333333334 0.018333333333333333 0.015
0 0.4766666666666667 0.3233333333333333 0.016666666666666666 0.015
0 0.49583333333333335 0.36916666666666664 0.018333333333333333 0.015
0 0.4725 0.40166666666666667 0.015 0.013333333333333334
0 0.47333333333333333 0.4166666666666667 0.016666666666666666 0.018333333333333333
0 0.17833333333333334 0.21583333333333332 0.035833333333333335 0.034166666666666665
0 0.2525 0.16833333333333333 0.025 0.018333333333333333
0 0.24333333333333335 0.11666666666666667 0.016666666666666666 0.016666666666666666
0 0.20666666666666667 0.03666666666666667 0.021666666666666667 0.025
0 0.15 0.010833333333333334 0.04083333333333333 0.018333333333333333