0 0.19666666666666666 0.9258333333333333 0.0375 0.049166666666666664
0 0.4791666666666667 0.8291666666666667 0.04583333333333333 0.04583333333333333
0 0.5291666666666667 0.825 0.043333333333333335 0.04
0 0.5741666666666667 0.8216666666666667 0.04583333333333333 0.041666666666666664
0 0.62 0.815 0.043333333333333335 0.04
0 0.6708333333333333 0.7433333333333333 0.056666666666666664 0.055
0 0.6708333333333333 0.6783333333333333 0.049166666666666664 0.06416666666666666
0 0.82 0.7308333333333333 0.0375 0.04583333333333333
0 0.8066666666666666 0.7775 0.0375 0.043333333333333335
0 0.7916666666666666 0.8291666666666667 0.0375 0.041666666666666664
0 0.7683333333333333 0.8708333333333333 0.035833333333333335 0.04583333333333333
0 0.8491666666666666 0.6316666666666667 0.050833333333333335 0.055
0 0.8208333333333333 0.575 0.043333333333333335 0.050833333333333335
0 0.8058333333333333 0.505 0.043333333333333335 0.043333333333333335
0 0.7691666666666667 0.4608333333333333 0.049166666666666664 0.0475
0 0.7308333333333333 0.4141666666666667 0.04583333333333333 0.043333333333333335
0 0.645 0.3933333333333333 0.050833333333333335 0.050833333333333335
0 0.6 0.425 0.049166666666666664 0.0475
0 0.6458333333333334 0.4791666666666667 0.049166666666666664 0.05333333333333334
0 0.6941666666666667 0.5458333333333333 0.055 0.049166666666666664
0 0.5908333333333333 0.4866666666666667 0.0375 0.034166666666666665
0 0.5483333333333333 0.48083333333333333 0.04 0.0375
0 0.5533333333333333 0.5141666666666667 0.041666666666666664 0.035833333333333335
0 0.5358333333333334 0.5408333333333334 0.049166666666666664 0.035833333333333335
0 0.49916666666666665 0.6275 0.058333333333333334 0.0475