0 0.1225 0.3075 0.03833333333333333 0.041666666666666664
0 0.058333333333333334 0.19166666666666668 0.019166666666666665 0.019166666666666665
0 0.20166666666666666 0.32916666666666666 0.03 0.04
0 0.19916666666666666 0.13083333333333333 0.03833333333333333 0.041666666666666664
0 0.0925 0.10583333333333333 0.04583333333333333 0.0475
0 0.23916666666666667 0.029166666666666667 0.024166666666666666 0.019166666666666665
0 0.26416666666666666 0.0375 0.024166666666666666 0.019166666666666665
0 0.7908333333333334 0.23583333333333334 0.03 0.028333333333333332
0 0.7658333333333334 0.31 0.03166666666666667 0.03333333333333333
0 0.7241666666666666 0.2916666666666667 0.035 0.04583333333333333
0 0.6758333333333333 0.28 0.03 0.020833333333333332
0 0.635 0.3541666666666667 0.020833333333333332 0.019166666666666665
0 0.7141666666666666 0.37666666666666665 0.03 0.03
0 0.7566666666666667 0.4008333333333333 0.035 0.025833333333333333
0 0.665 0.465 0.03 0.03166666666666667
0 0.6266666666666667 0.4558333333333333 0.025833333333333333 0.03
0 0.5716666666666667 0.435 0.04583333333333333 0.049166666666666664