0 0.465 0.20833333333333334 0.025 0.028333333333333332
0 0.15166666666666667 0.30916666666666665 0.016666666666666666 0.02
0 0.405 0.3458333333333333 0.02 0.018333333333333333
0 0.405 0.37 0.023333333333333334 0.023333333333333334
0 0.3925 0.43083333333333335 0.021666666666666667 0.02
0 0.32916666666666666 0.43083333333333335 0.02 0.02666666666666667
0 0.9925 0.49666666666666665 0.011666666666666667 0.016666666666666666
0 0.9933333333333333 0.5116666666666667 0.01 0.013333333333333334
0 0.5408333333333334 0.515 0.013333333333333334 0.013333333333333334
0 0.5733333333333334 0.5166666666666667 0.015 0.016666666666666666
0 0.6975 0.5283333333333333 0.013333333333333334 0.02
0 0.9683333333333334 0.5283333333333333 0.025 0.0375
0 0.6683333333333333 0.53 0.011666666666666667 0.016666666666666666
0 0.6058333333333333 0.5325 0.015 0.016666666666666666
0 0.6833333333333333 0.5391666666666667 0.015 0.02
0 0.6658333333333334 0.55 0.013333333333333334 0.021666666666666667
0 0.8375 0.55 0.02 0.021666666666666667
0 0.6066666666666667 0.555 0.013333333333333334 0.015
0 0.7783333333333333 0.5583333333333333 0.016666666666666666 0.008333333333333333
0 0.8033333333333333 0.565 0.018333333333333333 0.021666666666666667
0 0.705 0.5666666666666667 0.021666666666666667 0.018333333333333333
0 0.67 0.5691666666666667 0.018333333333333333 0.02
0 0.7716666666666666 0.5708333333333333 0.013333333333333334 0.013333333333333334
0 0.5708333333333333 0.5725 0.016666666666666666 0.013333333333333334
0 0.735 0.5741666666666667 0.013333333333333334 0.013333333333333334
0 0.5325 0.6075 0.013333333333333334 0.015
0 0.775 0.8466666666666667 0.023333333333333334 0.02
0 0.6841666666666667 0.8916666666666667 0.023333333333333334 0.02