0 0.2683333333333333 0.7891666666666667 0.045 0.04083333333333333
0 0.39 0.76 0.045 0.043333333333333335
0 0.3441666666666667 0.7216666666666667 0.03916666666666667 0.0375
0 0.45166666666666666 0.7258333333333333 0.03916666666666667 0.03916666666666667
0 0.4 0.6058333333333333 0.03916666666666667 0.03916666666666667
0 0.365 0.6858333333333333 0.030833333333333334 0.034166666666666665
0 0.4691666666666667 0.6316666666666667 0.04666666666666667 0.04833333333333333
0 0.49916666666666665 0.5625 0.034166666666666665 0.028333333333333332
0 0.5616666666666666 0.32666666666666666 0.045 0.04833333333333333
0 0.5241666666666667 0.2075 0.02666666666666667 0.025
0 0.49333333333333335 0.10333333333333333 0.04083333333333333 0.045
0 0.5566666666666666 0.1 0.04083333333333333 0.043333333333333335
0 0.5116666666666667 0.06 0.04833333333333333 0.04083333333333333
0 0.021666666666666667 0.045 0.028333333333333332 0.028333333333333332
0 0.14666666666666667 0.4816666666666667 0.035833333333333335 0.028333333333333332