0 0.99 0.2683333333333333 0.016666666666666666 0.04
0 0.8275 0.2525 0.0325 0.02666666666666667
0 0.7525 0.19666666666666666 0.02666666666666667 0.035
0 0.7433333333333333 0.25833333333333336 0.02666666666666667 0.030833333333333334
0 0.018333333333333333 0.2991666666666667 0.029166666666666667 0.0425
0 0.6416666666666667 0.17916666666666667 0.04083333333333333 0.030833333333333334
0 0.635 0.21416666666666667 0.04666666666666667 0.030833333333333334
0 0.6233333333333333 0.2475 0.035 0.02666666666666667
0 0.6 0.26166666666666666 0.02666666666666667 0.025
0 0.575 0.1425 0.030833333333333334 0.035
0 0.49833333333333335 0.14166666666666666 0.035 0.03666666666666667
0 0.38166666666666665 0.12083333333333333 0.0325 0.03666666666666667
0 0.35 0.13333333333333333 0.020833333333333332 0.02666666666666667
0 0.32916666666666666 0.2 0.03666666666666667 0.0325
0 0.3516666666666667 0.23083333333333333 0.03833333333333333 0.03666666666666667
0 0.4191666666666667 0.2891666666666667 0.05416666666666667 0.03833333333333333
0 0.415 0.3408333333333333 0.0425 0.03666666666666667
0 0.38666666666666666 0.43083333333333335 0.07916666666666666 0.06916666666666667
0 0.38666666666666666 0.49 0.0675 0.05
0 0.30666666666666664 0.4608333333333333 0.06166666666666667 0.0675
0 0.7616666666666667 0.7508333333333334 0.03666666666666667 0.05416666666666667
0 0.58 0.6608333333333334 0.03666666666666667 0.029166666666666667
0 0.6691666666666667 0.6425 0.029166666666666667 0.019166666666666665
0 0.555 0.7275 0.0525 0.05
0 0.4741666666666667 0.7333333333333333 0.04083333333333333 0.05
0 0.5183333333333333 0.7375 0.029166666666666667 0.0425
0 0.3575 0.585 0.03833333333333333 0.05
0 0.37166666666666665 0.7141666666666666 0.05583333333333333 0.06166666666666667
0 0.32416666666666666 0.715 0.035 0.0525
0 0.34 0.9041666666666667 0.03833333333333333 0.0325