0 0.6733333333333333 0.5641666666666667 0.03833333333333333 0.0475
0 0.049166666666666664 0.8083333333333333 0.049166666666666664 0.043333333333333335
0 0.7733333333333333 0.4025 0.043333333333333335 0.041666666666666664
0 0.7133333333333334 0.3983333333333333 0.035 0.041666666666666664
0 0.6475 0.3933333333333333 0.03666666666666667 0.04583333333333333
0 0.9716666666666667 0.42083333333333334 0.028333333333333332 0.03333333333333333
0 0.9475 0.425 0.024166666666666666 0.03166666666666667
0 0.9216666666666666 0.4225 0.024166666666666666 0.03666666666666667
0 0.9458333333333333 0.3425 0.028333333333333332 0.03166666666666667
0 0.9141666666666667 0.3416666666666667 0.024166666666666666 0.03
0 0.5883333333333334 0.3983333333333333 0.0225 0.0175