0 0.5166666666666667 0.8008333333333333 0.06916666666666667 0.06166666666666667
0 0.2733333333333333 0.57 0.03666666666666667 0.04583333333333333
0 0.16166666666666665 0.5116666666666667 0.035 0.030833333333333334
0 0.11166666666666666 0.4791666666666667 0.03666666666666667 0.049166666666666664
0 0.5741666666666667 0.3858333333333333 0.035 0.030833333333333334
0 0.09583333333333334 0.38083333333333336 0.03833333333333333 0.041666666666666664
0 0.6533333333333333 0.32916666666666666 0.0325 0.0275
0 0.9883333333333333 0.32083333333333336 0.02 0.06833333333333333
0 0.49916666666666665 0.215 0.049166666666666664 0.055
0 0.9383333333333334 0.13166666666666665 0.029166666666666667 0.0325
0 0.6125 0.035 0.0275 0.0325
0 0.8066666666666666 0.030833333333333334 0.029166666666666667 0.0325
0 0.7041666666666667 0.028333333333333332 0.029166666666666667 0.035
0 0.7525 0.018333333333333333 0.023333333333333334 0.029166666666666667