0 0.4033333333333333 0.4475 0.07666666666666666 0.0675
0 0.7591666666666667 0.5158333333333334 0.049166666666666664 0.04583333333333333
0 0.765 0.4633333333333333 0.049166666666666664 0.04416666666666667
0 0.6558333333333334 0.7516666666666667 0.04416666666666667 0.056666666666666664
0 0.5875 0.7525 0.04416666666666667 0.051666666666666666
0 0.4533333333333333 0.7625 0.03833333333333333 0.049166666666666664
0 0.3908333333333333 0.7575 0.0425 0.049166666666666664
0 0.3416666666666667 0.7558333333333334 0.035 0.0425
0 0.05 0.6233333333333333 0.056666666666666664 0.04583333333333333
0 0.595 0.5641666666666667 0.058333333333333334 0.04
0 0.5966666666666667 0.49333333333333335 0.0625 0.035