0 0.8966666666666666 0.415 0.05333333333333334 0.04
0 0.8825 0.4666666666666667 0.0475 0.04
0 0.8658333333333333 0.5108333333333334 0.05 0.04
0 0.7933333333333333 0.6066666666666667 0.0425 0.03666666666666667
0 0.9041666666666667 0.6341666666666667 0.030833333333333334 0.030833333333333334
0 0.9525 0.6591666666666667 0.04583333333333333 0.04583333333333333
0 0.9866666666666667 0.6691666666666667 0.023333333333333334 0.045
0 0.935 0.8333333333333334 0.0425 0.0425
0 0.9216666666666666 0.8933333333333333 0.04583333333333333 0.0475
0 0.895 0.7516666666666667 0.04583333333333333 0.0475
0 0.85 0.7383333333333333 0.04416666666666667 0.0475
0 0.8008333333333333 0.7941666666666667 0.05 0.04416666666666667
0 0.6683333333333333 0.69 0.03833333333333333 0.0425
0 0.7633333333333333 0.59 0.025 0.02666666666666667
0 0.7458333333333333 0.6016666666666667 0.020833333333333332 0.02666666666666667
0 0.6741666666666667 0.5708333333333333 0.0425 0.03833333333333333
0 0.5891666666666666 0.18583333333333332 0.051666666666666666 0.0425
0 0.5741666666666667 0.22833333333333333 0.0475 0.03833333333333333
0 0.545 0.32916666666666666 0.05583333333333333 0.0425
0 0.5108333333333334 0.4375 0.051666666666666666 0.04
0 0.49416666666666664 0.49916666666666665 0.05 0.0475
0 0.47583333333333333 0.59 0.03666666666666667 0.030833333333333334
0 0.425 0.3775 0.019166666666666665 0.015
0 0.4475 0.37083333333333335 0.025 0.020833333333333332
0 0.45416666666666666 0.35 0.023333333333333334 0.020833333333333332
0 0.43666666666666665 0.3308333333333333 0.02666666666666667 0.020833333333333332
0 0.46416666666666667 0.3283333333333333 0.025 0.020833333333333332
0 0.4725 0.30333333333333334 0.025 0.0175
0 0.4741666666666667 0.2816666666666667 0.028333333333333332 0.023333333333333334
0 0.4716666666666667 0.245 0.05333333333333334 0.0425
0 0.36666666666666664 0.25916666666666666 0.051666666666666666 0.04
0 0.34833333333333333 0.29 0.023333333333333334 0.020833333333333332
0 0.3641666666666667 0.30333333333333334 0.019166666666666665 0.020833333333333332
0 0.35833333333333334 0.32666666666666666 0.02666666666666667 0.020833333333333332
0 0.3408333333333333 0.31 0.023333333333333334 0.023333333333333334
0 0.34833333333333333 0.3525 0.02666666666666667 0.023333333333333334
0 0.33166666666666667 0.3325 0.023333333333333334 0.020833333333333332
0 0.02666666666666667 0.1275 0.030833333333333334 0.025
0 0.006666666666666667 0.13083333333333333 0.009166666666666667 0.025
0 0.020833333333333332 0.15416666666666667 0.023333333333333334 0.020833333333333332
0 0.013333333333333334 0.17833333333333334 0.023333333333333334 0.030833333333333334