0 0.4791666666666667 0.335 0.06166666666666667 0.06666666666666667
0 0.39916666666666667 0.33666666666666667 0.07166666666666667 0.06333333333333334
0 0.3308333333333333 0.345 0.07166666666666667 0.06833333333333333
0 0.2733333333333333 0.3425 0.04416666666666667 0.0525
0 0.2175 0.38083333333333336 0.06333333333333334 0.058333333333333334
0 0.7366666666666667 0.155 0.03916666666666667 0.030833333333333334
0 0.6216666666666667 0.1575 0.03916666666666667 0.025833333333333333
0 0.5125 0.16583333333333333 0.035833333333333335 0.020833333333333332
0 0.1675 0.7233333333333334 0.065 0.050833333333333335
0 0.22166666666666668 0.6025 0.075 0.058333333333333334
0 0.2125 0.44583333333333336 0.07333333333333333 0.06
0 0.22416666666666665 0.5158333333333334 0.08333333333333333 0.06