0 0.7066666666666667 0.5983333333333334 0.0475 0.0375
0 0.7225 0.4683333333333333 0.029166666666666667 0.0325
0 0.4741666666666667 0.4141666666666667 0.02 0.029166666666666667
0 0.39666666666666667 0.42083333333333334 0.02 0.0325
0 0.8408333333333333 0.3825 0.050833333333333335 0.05583333333333333
0 0.9733333333333334 0.2575 0.0525 0.04083333333333333
0 0.5041666666666667 0.145 0.029166666666666667 0.0325
0 0.8458333333333333 0.2375 0.023333333333333334 0.04416666666666667
0 0.6991666666666667 0.015833333333333335 0.0325 0.029166666666666667
0 0.6375 0.8091666666666667 0.0275 0.029166666666666667
0 0.6233333333333333 0.8883333333333333 0.034166666666666665 0.030833333333333334
0 0.605 0.8525 0.030833333333333334 0.030833333333333334
0 0.6758333333333333 0.7408333333333333 0.0325 0.030833333333333334
0 0.5383333333333333 0.3333333333333333 0.025833333333333333 0.029166666666666667
0 0.8416666666666667 0.06166666666666667 0.0425 0.04583333333333333