0 0.36583333333333334 0.645 0.03 0.02666666666666667
0 0.39916666666666667 0.5191666666666667 0.03 0.03916666666666667
0 0.63 0.42916666666666664 0.03166666666666667 0.0425
0 0.6208333333333333 0.295 0.028333333333333332 0.035833333333333335
0 0.7875 0.39416666666666667 0.023333333333333334 0.03
0 0.85 0.43583333333333335 0.03 0.035833333333333335
0 0.8766666666666667 0.4558333333333333 0.03 0.035833333333333335
0 0.9033333333333333 0.4725 0.034166666666666665 0.034166666666666665
0 0.8341666666666666 0.9891666666666666 0.03916666666666667 0.0175
0 0.8016666666666666 0.9908333333333333 0.034166666666666665 0.014166666666666666
0 0.8425 0.8791666666666667 0.03 0.035833333333333335
0 0.8241666666666667 0.8491666666666666 0.035833333333333335 0.03166666666666667
0 0.9416666666666667 0.715 0.03916666666666667 0.03166666666666667
0 0.8958333333333334 0.6766666666666666 0.019166666666666665 0.02666666666666667
0 0.87 0.6866666666666666 0.028333333333333332 0.035833333333333335
0 0.7541666666666667 0.7541666666666667 0.028333333333333332 0.028333333333333332
0 0.7291666666666666 0.7316666666666667 0.035833333333333335 0.03166666666666667
0 0.7016666666666667 0.6458333333333334 0.0375 0.03166666666666667
0 0.6975 0.54 0.028333333333333332 0.0375
0 0.4816666666666667 0.6883333333333334 0.034166666666666665 0.0425
0 0.6325 0.5566666666666666 0.02666666666666667 0.028333333333333332
0 0.14416666666666667 0.6491666666666667 0.025 0.028333333333333332
0 0.1425 0.0475 0.03166666666666667 0.04416666666666667
0 0.11083333333333334 0.028333333333333332 0.03 0.03916666666666667
0 0.4741666666666667 0.0025 0.023333333333333334 0.005