0 0.625 0.7991666666666667 0.025833333333333333 0.03166666666666667
0 0.6833333333333333 0.8 0.03833333333333333 0.043333333333333335
0 0.6891666666666667 0.9825 0.045 0.03166666666666667
0 0.7108333333333333 0.25 0.0475 0.049166666666666664
0 0.5375 0.3258333333333333 0.043333333333333335 0.04
0 0.4791666666666667 0.15333333333333332 0.035 0.03666666666666667
0 0.44416666666666665 0.5108333333333334 0.035 0.03833333333333333
0 0.4191666666666667 0.5475 0.04583333333333333 0.04583333333333333
0 0.3983333333333333 0.5975 0.041666666666666664 0.041666666666666664
0 0.35583333333333333 0.6716666666666666 0.03666666666666667 0.03166666666666667
0 0.21833333333333332 0.7041666666666667 0.041666666666666664 0.041666666666666664
0 0.24916666666666668 0.845 0.0225 0.019166666666666665
0 0.23166666666666666 0.8591666666666666 0.019166666666666665 0.019166666666666665
0 0.24166666666666667 0.66 0.03833333333333333 0.043333333333333335
0 0.2816666666666667 0.5825 0.03833333333333333 0.03833333333333333
0 0.2966666666666667 0.5458333333333333 0.04 0.041666666666666664
0 0.3425 0.4625 0.041666666666666664 0.0475
0 0.36083333333333334 0.4266666666666667 0.04 0.041666666666666664
0 0.39 0.3775 0.03833333333333333 0.03833333333333333
0 0.4091666666666667 0.3408333333333333 0.03833333333333333 0.035
0 0.4266666666666667 0.3 0.03833333333333333 0.04
0 0.4533333333333333 0.25416666666666665 0.04 0.04
0 0.4116666666666667 0.21833333333333332 0.03 0.03833333333333333
0 0.36916666666666664 0.1975 0.035 0.04583333333333333