0 0.025833333333333333 0.4325 0.04083333333333333 0.02666666666666667
0 0.011666666666666667 0.4116666666666667 0.023333333333333334 0.023333333333333334
0 0.014166666666666666 0.3875 0.028333333333333332 0.028333333333333332
0 0.085 0.4191666666666667 0.030833333333333334 0.028333333333333332
0 0.0075 0.33416666666666667 0.014166666666666666 0.04083333333333333
0 0.025833333333333333 0.33416666666666667 0.02666666666666667 0.0375
0 0.0525 0.3441666666666667 0.023333333333333334 0.03916666666666667
0 0.08083333333333333 0.3408333333333333 0.028333333333333332 0.035833333333333335
0 0.105 0.33 0.030833333333333334 0.035833333333333335
0 0.135 0.3258333333333333 0.030833333333333334 0.03916666666666667
0 0.18333333333333332 0.23916666666666667 0.051666666666666666 0.02666666666666667
0 0.17666666666666667 0.20333333333333334 0.04083333333333333 0.0375
0 0.235 0.24083333333333334 0.014166666666666666 0.02
0 0.2633333333333333 0.23666666666666666 0.018333333333333333 0.021666666666666667
0 0.2125 0.21333333333333335 0.02 0.014166666666666666
0 0.22916666666666666 0.20916666666666667 0.018333333333333333 0.015833333333333335
0 0.2525 0.205 0.025 0.015833333333333335
0 0.26 0.3975 0.043333333333333335 0.035833333333333335
0 0.30916666666666665 0.3983333333333333 0.030833333333333334 0.04083333333333333
0 0.3375 0.30833333333333335 0.023333333333333334 0.025
0 0.4025 0.4025 0.059166666666666666 0.05583333333333333
0 0.5116666666666667 0.37666666666666665 0.045 0.03916666666666667
0 0.5558333333333333 0.2725 0.043333333333333335 0.05416666666666667
0 0.6283333333333333 0.37333333333333335 0.030833333333333334 0.030833333333333334
0 0.6833333333333333 0.36916666666666664 0.034166666666666665 0.03916666666666667
0 0.6658333333333334 0.43 0.023333333333333334 0.028333333333333332
0 0.6958333333333333 0.43 0.0375 0.0325
0 0.7283333333333334 0.405 0.051666666666666666 0.03916666666666667
0 0.7108333333333333 0.2608333333333333 0.02666666666666667 0.034166666666666665
0 0.7433333333333333 0.25666666666666665 0.028333333333333332 0.035833333333333335
0 0.8083333333333333 0.24666666666666667 0.028333333333333332 0.0375
0 0.8725 0.24 0.0325 0.035833333333333335
0 0.8216666666666667 0.16 0.0625 0.06666666666666667