0 0.8366666666666667 0.11833333333333333 0.041666666666666664 0.041666666666666664
0 0.7391666666666666 0.12666666666666668 0.03333333333333333 0.03166666666666667
0 0.6241666666666666 0.36583333333333334 0.06166666666666667 0.041666666666666664
0 0.5725 0.3383333333333333 0.0575 0.05333333333333334
0 0.49166666666666664 0.38 0.051666666666666666 0.05
0 0.5475 0.515 0.059166666666666666 0.04583333333333333
0 0.5166666666666667 0.6041666666666666 0.05333333333333334 0.05
0 0.49666666666666665 0.6508333333333334 0.06166666666666667 0.0475
0 0.4083333333333333 0.5433333333333333 0.051666666666666666 0.043333333333333335
0 0.375 0.42833333333333334 0.03166666666666667 0.0275
0 0.2875 0.535 0.0275 0.021666666666666667
0 0.2916666666666667 0.5625 0.0275 0.021666666666666667
0 0.26166666666666666 0.6608333333333334 0.0275 0.0275
0 0.27666666666666667 0.6158333333333333 0.03333333333333333 0.03
0 0.28583333333333333 0.5875 0.0275 0.0275
0 0.42083333333333334 0.88 0.024166666666666666 0.021666666666666667
0 0.30916666666666665 0.8816666666666667 0.02 0.021666666666666667
0 0.0125 0.8166666666666667 0.0175 0.021666666666666667
0 0.09916666666666667 0.8116666666666666 0.02 0.015833333333333335
0 0.0875 0.8033333333333333 0.015833333333333335 0.015833333333333335
0 0.09 0.79 0.0175 0.015833333333333335