0 0.5 0.014166666666666666 0.034166666666666665 0.028333333333333332
0 0.6183333333333333 0.31083333333333335 0.016666666666666666 0.013333333333333334
0 0.4875 0.31166666666666665 0.015 0.015
0 0.6216666666666667 0.32083333333333336 0.013333333333333334 0.01
0 0.7716666666666666 0.33916666666666667 0.02 0.016666666666666666
0 0.9 0.33916666666666667 0.013333333333333334 0.013333333333333334
0 0.9516666666666667 0.3441666666666667 0.018333333333333333 0.015
0 0.9516666666666667 0.37166666666666665 0.018333333333333333 0.016666666666666666
0 0.7008333333333333 0.395 0.013333333333333334 0.016666666666666666
0 0.6808333333333333 0.395 0.013333333333333334 0.013333333333333334
0 0.6133333333333333 0.3975 0.016666666666666666 0.021666666666666667
0 0.6308333333333334 0.3983333333333333 0.018333333333333333 0.02
0 0.585 0.3983333333333333 0.018333333333333333 0.023333333333333334
0 0.9483333333333334 0.4 0.018333333333333333 0.016666666666666666
0 0.8633333333333333 0.4 0.02666666666666667 0.016666666666666666
0 0.67 0.4008333333333333 0.015 0.015
0 0.6941666666666667 0.40166666666666667 0.013333333333333334 0.013333333333333334
0 0.71 0.4025 0.015 0.015
0 0.49 0.4141666666666667 0.02666666666666667 0.02
0 0.86 0.41833333333333333 0.02 0.011666666666666667
0 0.95 0.4191666666666667 0.021666666666666667 0.016666666666666666
0 0.895 0.4191666666666667 0.013333333333333334 0.013333333333333334
0 0.4608333333333333 0.4216666666666667 0.023333333333333334 0.015
0 0.8866666666666667 0.4266666666666667 0.02 0.011666666666666667
0 0.44916666666666666 0.4275 0.02666666666666667 0.016666666666666666
0 0.865 0.4275 0.016666666666666666 0.013333333333333334
0 0.4791666666666667 0.42916666666666664 0.028333333333333332 0.02
0 0.8583333333333333 0.43333333333333335 0.016666666666666666 0.011666666666666667
0 0.8908333333333334 0.4375 0.018333333333333333 0.01
0 0.9491666666666667 0.44083333333333335 0.016666666666666666 0.016666666666666666
0 0.885 0.4483333333333333 0.023333333333333334 0.011666666666666667
0 0.8908333333333334 0.45666666666666667 0.018333333333333333 0.011666666666666667
0 0.86 0.45666666666666667 0.016666666666666666 0.011666666666666667
0 0.9416666666666667 0.45916666666666667 0.015 0.013333333333333334
0 0.9183333333333333 0.4675 0.018333333333333333 0.023333333333333334
0 0.8916666666666667 0.4683333333333333 0.016666666666666666 0.011666666666666667
0 0.885 0.47583333333333333 0.023333333333333334 0.011666666666666667
0 0.865 0.4775 0.016666666666666666 0.015
0 0.6625 0.48083333333333333 0.016666666666666666 0.015
0 0.8608333333333333 0.4866666666666667 0.015 0.013333333333333334
0 0.9458333333333333 0.4875 0.023333333333333334 0.011666666666666667
0 0.9425 0.49583333333333335 0.013333333333333334 0.011666666666666667
0 0.655 0.49666666666666665 0.016666666666666666 0.013333333333333334
0 0.8816666666666667 0.4975 0.023333333333333334 0.018333333333333333
0 0.8916666666666667 0.5066666666666667 0.02 0.013333333333333334
0 0.6483333333333333 0.5108333333333334 0.023333333333333334 0.015
0 0.9475 0.5158333333333334 0.02 0.018333333333333333
0 0.86 0.5275 0.03 0.025
0 0.6483333333333333 0.5333333333333333 0.02666666666666667 0.018333333333333333
0 0.8883333333333333 0.5366666666666666 0.016666666666666666 0.011666666666666667
0 0.9333333333333333 0.5383333333333333 0.018333333333333333 0.015
0 0.8825 0.5466666666666666 0.021666666666666667 0.015
0 0.5983333333333334 0.5533333333333333 0.02666666666666667 0.025
0 0.6491666666666667 0.5541666666666667 0.028333333333333332 0.02
0 0.865 0.5566666666666666 0.016666666666666666 0.015
0 0.885 0.5725 0.023333333333333334 0.016666666666666666
0 0.6491666666666667 0.5733333333333334 0.021666666666666667 0.015
0 0.12833333333333333 0.5741666666666667 0.016666666666666666 0.016666666666666666
0 0.12833333333333333 0.595 0.016666666666666666 0.02
0 0.07166666666666667 0.5958333333333333 0.021666666666666667 0.028333333333333332
0 0.8833333333333333 0.5958333333333333 0.016666666666666666 0.011666666666666667
0 0.05 0.5966666666666667 0.021666666666666667 0.03
0 0.11 0.5975 0.016666666666666666 0.021666666666666667
0 0.09333333333333334 0.5975 0.021666666666666667 0.028333333333333332
0 0.17 0.5983333333333334 0.025 0.02666666666666667
0 0.5975 0.6 0.025 0.016666666666666666
0 0.20333333333333334 0.6008333333333333 0.021666666666666667 0.028333333333333332
0 0.25083333333333335 0.6033333333333334 0.025 0.02666666666666667
0 0.335 0.6041666666666666 0.021666666666666667 0.025
0 0.2758333333333333 0.6041666666666666 0.025 0.028333333333333332
0 0.22583333333333333 0.6041666666666666 0.021666666666666667 0.028333333333333332
0 0.31583333333333335 0.6108333333333333 0.013333333333333334 0.015
0 0.8841666666666667 0.6216666666666667 0.018333333333333333 0.016666666666666666
0 0.595 0.6225 0.03 0.025
0 0.6491666666666667 0.6283333333333333 0.018333333333333333 0.016666666666666666
0 0.7991666666666667 0.6416666666666667 0.02 0.02
0 0.8591666666666666 0.6475 0.018333333333333333 0.018333333333333333
0 0.6441666666666667 0.65 0.03916666666666667 0.02666666666666667
0 0.0925 0.6575 0.02666666666666667 0.034166666666666665
0 0.2708333333333333 0.6616666666666666 0.018333333333333333 0.025
0 0.25166666666666665 0.6616666666666666 0.02 0.025
0 0.23083333333333333 0.6633333333333333 0.025 0.025
0 0.20583333333333334 0.6633333333333333 0.023333333333333334 0.021666666666666667
0 0.07166666666666667 0.6633333333333333 0.015 0.018333333333333333
0 0.18 0.665 0.028333333333333332 0.0325
0 0.33916666666666667 0.6725 0.03 0.03
0 0.4175 0.6733333333333333 0.03 0.0325
0 0.38166666666666665 0.675 0.034166666666666665 0.0325
0 0.6433333333333333 0.6758333333333333 0.0375 0.023333333333333334
0 0.765 0.695 0.034166666666666665 0.025
0 0.29583333333333334 0.945 0.02666666666666667 0.025
0 0.32083333333333336 0.9566666666666667 0.02666666666666667 0.025
0 0.3458333333333333 0.9783333333333334 0.025 0.023333333333333334
0 0.1775 0.9841666666666666 0.02666666666666667 0.028333333333333332
0 0.36666666666666664 0.9916666666666667 0.02666666666666667 0.013333333333333334