0 0.0125 0.8341666666666666 0.025 0.03166666666666667
0 0.050833333333333335 0.8875 0.023333333333333334 0.025
0 0.0675 0.7125 0.021666666666666667 0.023333333333333334
0 0.09333333333333334 0.6966666666666667 0.023333333333333334 0.02666666666666667
0 0.03916666666666667 0.7283333333333334 0.021666666666666667 0.03
0 0.2775 0.6008333333333333 0.028333333333333332 0.023333333333333334
0 0.44 0.5975 0.023333333333333334 0.021666666666666667
0 0.14833333333333334 0.46 0.023333333333333334 0.019166666666666665
0 0.22333333333333333 0.43916666666666665 0.019166666666666665 0.028333333333333332
0 0.325 0.49666666666666665 0.023333333333333334 0.025
0 0.9083333333333333 0.4716666666666667 0.023333333333333334 0.021666666666666667
0 0.8441666666666666 0.4425 0.023333333333333334 0.023333333333333334
0 0.7033333333333334 0.36333333333333334 0.034166666666666665 0.028333333333333332
0 0.7141666666666666 0.31833333333333336 0.023333333333333334 0.021666666666666667
0 0.695 0.305 0.019166666666666665 0.019166666666666665
0 0.6433333333333333 0.2966666666666667 0.023333333333333334 0.03
0 0.6108333333333333 0.2916666666666667 0.02666666666666667 0.03166666666666667
0 0.5466666666666666 0.2525 0.021666666666666667 0.025
0 0.4891666666666667 0.22666666666666666 0.035833333333333335 0.0375
0 0.4625 0.19833333333333333 0.035833333333333335 0.0375
0 0.4216666666666667 0.18166666666666667 0.035833333333333335 0.035833333333333335
0 0.4041666666666667 0.15083333333333335 0.03916666666666667 0.0425
0 0.345 0.14333333333333334 0.03166666666666667 0.03
0 0.3016666666666667 0.0975 0.019166666666666665 0.021666666666666667
0 0.12083333333333333 0.3408333333333333 0.021666666666666667 0.023333333333333334
0 0.11666666666666667 0.2891666666666667 0.019166666666666665 0.019166666666666665
0 0.22083333333333333 0.2783333333333333 0.0175 0.019166666666666665
0 0.21833333333333332 0.2375 0.023333333333333334 0.023333333333333334
0 0.24 0.20916666666666667 0.021666666666666667 0.023333333333333334
0 0.2608333333333333 0.2275 0.019166666666666665 0.025
0 0.29083333333333333 0.17666666666666667 0.019166666666666665 0.019166666666666665
0 0.22583333333333333 0.11916666666666667 0.0175 0.021666666666666667
0 0.12833333333333333 0.075 0.025 0.028333333333333332
0 0.15583333333333332 0.10833333333333334 0.02666666666666667 0.021666666666666667
0 0.205 0.39 0.025 0.025
0 0.4066666666666667 0.4816666666666667 0.023333333333333334 0.023333333333333334
0 0.4241666666666667 0.49166666666666664 0.023333333333333334 0.023333333333333334
0 0.6341666666666667 0.6358333333333334 0.015833333333333335 0.03
0 0.5125 0.5391666666666667 0.014166666666666666 0.0175
0 0.5558333333333333 0.5608333333333333 0.0125 0.021666666666666667
0 0.5866666666666667 0.57 0.015833333333333335 0.023333333333333334
0 0.6241666666666666 0.5733333333333334 0.014166666666666666 0.0175
0 0.6575 0.6016666666666667 0.019166666666666665 0.021666666666666667
0 0.22916666666666666 0.3775 0.025 0.0175
0 0.7675 0.6425 0.0125 0.014166666666666666
0 0.8208333333333333 0.6683333333333333 0.0125 0.0125
0 0.7025 0.6308333333333334 0.014166666666666666 0.019166666666666665
0 0.7691666666666667 0.6058333333333333 0.009166666666666667 0.0125
0 0.7833333333333333 0.6125 0.014166666666666666 0.014166666666666666
0 0.7975 0.6175 0.014166666666666666 0.010833333333333334
0 0.81 0.6283333333333333 0.0175 0.010833333333333334
0 0.8533333333333334 0.6433333333333333 0.015833333333333335 0.0125
0 0.895 0.6616666666666666 0.014166666666666666 0.014166666666666666
0 0.9216666666666666 0.6808333333333333 0.010833333333333334 0.015833333333333335
0 0.9333333333333333 0.6891666666666667 0.015833333333333335 0.0125
0 0.5733333333333334 0.565 0.021666666666666667 0.023333333333333334
0 0.7358333333333333 0.66 0.015833333333333335 0.014166666666666666
0 0.7525 0.6625 0.014166666666666666 0.015833333333333335
0 0.7658333333333334 0.6725 0.0125 0.010833333333333334
0 0.7966666666666666 0.6875 0.0125 0.0125
0 0.8116666666666666 0.6958333333333333 0.0075 0.010833333333333334
0 0.8675 0.65 0.0125 0.009166666666666667