0 0.9783333333333334 0.7666666666666667 0.04 0.04666666666666667
0 0.9441666666666667 0.8 0.1 0.13166666666666665
0 0.8041666666666667 0.5758333333333333 0.0425 0.0425
0 0.8166666666666667 0.54 0.0425 0.04083333333333333
0 0.74 0.5408333333333334 0.03 0.028333333333333332
0 0.5933333333333334 0.485 0.028333333333333332 0.03
0 0.645 0.49333333333333335 0.0225 0.025
0 0.6333333333333333 0.5358333333333334 0.02666666666666667 0.0225
0 0.6266666666666667 0.5633333333333334 0.0175 0.020833333333333332
0 0.6208333333333333 0.585 0.019166666666666665 0.02666666666666667
0 0.6108333333333333 0.6075 0.0175 0.025
0 0.6041666666666666 0.6333333333333333 0.025 0.02666666666666667
0 0.5491666666666667 0.6633333333333333 0.025 0.025
0 0.5133333333333333 0.8108333333333333 0.03 0.03333333333333333
0 0.2925 0.8166666666666667 0.03166666666666667 0.03833333333333333
0 0.24583333333333332 0.83 0.02666666666666667 0.03
0 0.16833333333333333 0.825 0.02666666666666667 0.02666666666666667
0 0.2833333333333333 0.675 0.025 0.019166666666666665
0 0.31083333333333335 0.6733333333333333 0.03 0.02666666666666667
0 0.33666666666666667 0.6608333333333334 0.028333333333333332 0.0225
0 0.3625 0.6583333333333333 0.028333333333333332 0.028333333333333332
0 0.3875 0.6583333333333333 0.025 0.025
0 0.41083333333333333 0.655 0.02666666666666667 0.020833333333333332
0 0.4241666666666667 0.7025 0.028333333333333332 0.03166666666666667
0 0.7133333333333334 0.31666666666666665 0.020833333333333332 0.0175
0 0.7283333333333334 0.29583333333333334 0.0225 0.020833333333333332
0 0.6991666666666667 0.26166666666666666 0.025 0.0225
0 0.6858333333333333 0.2825 0.019166666666666665 0.019166666666666665
0 0.6725 0.2975 0.020833333333333332 0.020833333333333332
0 0.66 0.31666666666666665 0.0175 0.020833333333333332
0 0.7883333333333333 0.2841666666666667 0.03166666666666667 0.02666666666666667
0 0.6983333333333334 0.1875 0.0225 0.019166666666666665
0 0.6783333333333333 0.26166666666666666 0.019166666666666665 0.0225
0 0.665 0.2783333333333333 0.0225 0.025
0 0.37 0.2475 0.028333333333333332 0.02666666666666667
0 0.35083333333333333 0.225 0.0225 0.028333333333333332
0 0.29083333333333333 0.28833333333333333 0.03166666666666667 0.03166666666666667
0 0.26666666666666666 0.31083333333333335 0.03 0.02666666666666667
0 0.26666666666666666 0.33416666666666667 0.03 0.025
0 0.24333333333333335 0.335 0.028333333333333332 0.02666666666666667
0 0.2225 0.35833333333333334 0.03 0.02666666666666667
0 0.2 0.38416666666666666 0.03 0.028333333333333332
0 0.20083333333333334 0.7641666666666667 0.020833333333333332 0.03166666666666667
0 0.295 0.8583333333333333 0.04083333333333333 0.03666666666666667
0 0.245 0.8591666666666666 0.03166666666666667 0.025
0 0.1475 0.8508333333333333 0.03166666666666667 0.03
0 0.7158333333333333 0.05 0.02666666666666667 0.03
0 0.6783333333333333 0.018333333333333333 0.0225 0.02666666666666667
0 0.6566666666666666 0.034166666666666665 0.025 0.02666666666666667
0 0.6408333333333334 0.05333333333333334 0.020833333333333332 0.02666666666666667
0 0.6225 0.07083333333333333 0.0225 0.025
0 0.6066666666666667 0.08916666666666667 0.0225 0.02666666666666667
0 0.6516666666666666 0.13 0.025 0.025
0 0.6291666666666667 0.010833333333333334 0.019166666666666665 0.0175
0 0.6125 0.004166666666666667 0.025 0.005
0 0.6116666666666667 0.034166666666666665 0.0225 0.015833333333333335
0 0.62 0.019166666666666665 0.0175 0.020833333333333332
0 0.595 0.04583333333333333 0.025 0.0175
0 0.5833333333333334 0.0275 0.0225 0.0225
0 0.5983333333333334 0.016666666666666666 0.025 0.0225
0 0.5833333333333334 0.060833333333333336 0.0225 0.0225