0 0.0075 0.7825 0.015 0.03833333333333333
0 0.08 0.765 0.020833333333333332 0.0275
0 0.09083333333333334 0.6841666666666667 0.019166666666666665 0.0225
0 0.0125 0.6541666666666667 0.024166666666666666 0.030833333333333334
0 0.016666666666666666 0.61 0.0325 0.043333333333333335
0 0.10583333333333333 0.5633333333333334 0.020833333333333332 0.025833333333333333
0 0.115 0.4825 0.019166666666666665 0.0275
0 0.0275 0.5333333333333333 0.035 0.025833333333333333
0 0.12666666666666668 0.38416666666666666 0.024166666666666666 0.0275
0 0.15166666666666667 0.305 0.025833333333333333 0.025833333333333333
0 0.22666666666666666 0.3225 0.035 0.04
0 0.31083333333333335 0.23083333333333333 0.04 0.04
0 0.3125 0.18416666666666667 0.029166666666666667 0.025833333333333333
0 0.3858333333333333 0.19416666666666665 0.0275 0.024166666666666666
0 0.32166666666666666 0.2825 0.035 0.04
0 0.5266666666666666 0.17416666666666666 0.043333333333333335 0.0325
0 0.5125 0.11416666666666667 0.024166666666666666 0.024166666666666666
0 0.49416666666666664 0.0925 0.029166666666666667 0.025833333333333333
0 0.465 0.065 0.030833333333333334 0.0325
0 0.41 0.023333333333333334 0.030833333333333334 0.03666666666666667
0 0.8116666666666666 0.07 0.0275 0.0325
0 0.7775 0.08333333333333333 0.025833333333333333 0.035
0 0.71 0.11833333333333333 0.025833333333333333 0.029166666666666667
0 0.6883333333333334 0.13416666666666666 0.020833333333333332 0.025833333333333333
0 0.6758333333333333 0.15916666666666668 0.019166666666666665 0.024166666666666666
0 0.66 0.19083333333333333 0.0325 0.0325
0 0.6541666666666667 0.26 0.0275 0.0225
0 0.65 0.3 0.025833333333333333 0.025833333333333333
0 0.6441666666666667 0.34 0.025833333333333333 0.019166666666666665
0 0.6383333333333333 0.39166666666666666 0.024166666666666666 0.019166666666666665
0 0.6316666666666667 0.43416666666666665 0.024166666666666666 0.020833333333333332
0 0.5166666666666667 0.22333333333333333 0.029166666666666667 0.024166666666666666
0 0.515 0.25833333333333336 0.025833333333333333 0.0225
0 0.5108333333333334 0.3 0.03666666666666667 0.029166666666666667
0 0.49083333333333334 0.5741666666666667 0.025833333333333333 0.024166666666666666
0 0.47 0.665 0.03666666666666667 0.04
0 0.4683333333333333 0.6991666666666667 0.025833333333333333 0.020833333333333332
0 0.465 0.7333333333333333 0.030833333333333334 0.020833333333333332
0 0.385 0.6541666666666667 0.03666666666666667 0.03833333333333333
0 0.31416666666666665 0.7275 0.0225 0.025833333333333333
0 0.44 0.9241666666666667 0.03666666666666667 0.030833333333333334
0 0.4475 0.8866666666666667 0.04 0.0325
0 0.5766666666666667 0.93 0.025833333333333333 0.025833333333333333
0 0.5816666666666667 0.8866666666666667 0.024166666666666666 0.025833333333333333
0 0.7191666666666666 0.9183333333333333 0.025833333333333333 0.030833333333333334
0 0.8516666666666667 0.9466666666666667 0.0325 0.03833333333333333
0 0.6808333333333333 0.7483333333333333 0.025833333333333333 0.019166666666666665
0 0.6308333333333334 0.605 0.029166666666666667 0.0225
0 0.5941666666666666 0.6333333333333333 0.0225 0.024166666666666666
0 0.5941666666666666 0.7141666666666666 0.03666666666666667 0.030833333333333334
0 0.6383333333333333 0.73 0.0175 0.024166666666666666
0 0.755 0.45666666666666667 0.0325 0.030833333333333334
0 0.8141666666666667 0.5008333333333334 0.0225 0.025833333333333333
0 0.7916666666666666 0.29083333333333333 0.0225 0.020833333333333332
0 0.85 0.2966666666666667 0.0325 0.043333333333333335