0 0.6591666666666667 0.7858333333333334 0.0225 0.0225
0 0.43416666666666665 0.775 0.015 0.020833333333333332
0 0.41333333333333333 0.7616666666666667 0.016666666666666666 0.025833333333333333
0 0.5966666666666667 0.7491666666666666 0.025833333333333333 0.024166666666666666
0 0.4875 0.7425 0.025833333333333333 0.024166666666666666
0 0.3958333333333333 0.7225 0.024166666666666666 0.025833333333333333
0 0.23833333333333334 0.56 0.025833333333333333 0.024166666666666666
0 0.15916666666666668 0.5566666666666666 0.029166666666666667 0.024166666666666666
0 0.135 0.5358333333333334 0.030833333333333334 0.024166666666666666
0 0.19583333333333333 0.5025 0.016666666666666666 0.025833333333333333
0 0.1175 0.4675 0.0275 0.024166666666666666
0 0.25916666666666666 0.4583333333333333 0.020833333333333332 0.0225