0 0.7575 0.09 0.035833333333333335 0.035833333333333335
0 0.6741666666666667 0.0975 0.029166666666666667 0.0275
0 0.5741666666666667 0.30416666666666664 0.05333333333333334 0.035833333333333335
0 0.53 0.28 0.05 0.04583333333333333
0 0.4608333333333333 0.31583333333333335 0.04416666666666667 0.0425
0 0.5083333333333333 0.4325 0.051666666666666666 0.03916666666666667
0 0.4816666666666667 0.5091666666666667 0.04583333333333333 0.0425
0 0.465 0.55 0.05333333333333334 0.04083333333333333
0 0.3883333333333333 0.4575 0.04416666666666667 0.0375
0 0.36 0.3575 0.0275 0.024166666666666666
0 0.2841666666666667 0.44916666666666666 0.024166666666666666 0.019166666666666665
0 0.2875 0.47333333333333333 0.024166666666666666 0.019166666666666665
0 0.26166666666666666 0.5583333333333333 0.024166666666666666 0.024166666666666666
0 0.275 0.52 0.029166666666666667 0.025833333333333333
0 0.2825 0.495 0.024166666666666666 0.024166666666666666
0 0.39916666666666667 0.7475 0.020833333333333332 0.019166666666666665
0 0.30333333333333334 0.7491666666666666 0.0175 0.019166666666666665
0 0.0475 0.6925 0.015 0.019166666666666665
0 0.12166666666666667 0.6883333333333334 0.0175 0.013333333333333334
0 0.11166666666666666 0.6816666666666666 0.013333333333333334 0.013333333333333334
0 0.11416666666666667 0.6691666666666667 0.015 0.013333333333333334