0 0.025 0.7408333333333333 0.024166666666666666 0.0275
0 0.07333333333333333 0.7241666666666666 0.025833333333333333 0.030833333333333334
0 0.13666666666666666 0.7133333333333334 0.02 0.0275
0 0.10833333333333334 0.7116666666666667 0.025833333333333333 0.030833333333333334
0 0.13083333333333333 0.6916666666666667 0.02 0.030833333333333334
0 0.08583333333333333 0.6691666666666667 0.021666666666666667 0.030833333333333334
0 0.13 0.6675 0.025833333333333333 0.024166666666666666
0 0.105 0.6558333333333334 0.02 0.025833333333333333
0 0.1275 0.6408333333333334 0.024166666666666666 0.025833333333333333
0 0.0725 0.6208333333333333 0.02 0.029166666666666667
0 0.09916666666666667 0.6183333333333333 0.021666666666666667 0.030833333333333334
0 0.12583333333333332 0.6083333333333333 0.02 0.025833333333333333
0 0.49166666666666664 0.6033333333333334 0.05333333333333334 0.060833333333333336
0 0.08416666666666667 0.5858333333333333 0.021666666666666667 0.021666666666666667
0 0.7233333333333334 0.43416666666666665 0.029166666666666667 0.03666666666666667
0 0.06333333333333334 0.049166666666666664 0.0125 0.015
0 0.08416666666666667 0.04416666666666667 0.010833333333333334 0.015
0 0.12583333333333332 0.04 0.0125 0.018333333333333333
0 0.105 0.03833333333333333 0.0125 0.015
0 0.14416666666666667 0.0375 0.016666666666666666 0.016666666666666666
0 0.165 0.034166666666666665 0.010833333333333334 0.02