0 0.9658333333333333 0.34 0.065 0.06833333333333333
0 0.925 0.6216666666666667 0.043333333333333335 0.049166666666666664
0 0.9366666666666666 0.5466666666666666 0.035833333333333335 0.055
0 0.9791666666666666 0.5341666666666667 0.03833333333333333 0.051666666666666666
0 0.8125 0.555 0.06666666666666667 0.0725
0 0.6375 0.575 0.0625 0.08583333333333333
0 0.5858333333333333 0.5808333333333333 0.03833333333333333 0.0475
0 0.7566666666666667 0.8058333333333333 0.056666666666666664 0.0725
0 0.7025 0.8133333333333334 0.035833333333333335 0.04583333333333333
0 0.47583333333333333 0.8358333333333333 0.059166666666666666 0.08166666666666667
0 0.13916666666666666 0.9525 0.049166666666666664 0.041666666666666664
0 0.3525 0.6008333333333333 0.055 0.08
0 0.2925 0.6016666666666667 0.034166666666666665 0.0475
0 0.059166666666666666 0.4266666666666667 0.065 0.06666666666666667
0 0.29083333333333333 0.4033333333333333 0.041666666666666664 0.04583333333333333
0 0.3541666666666667 0.39666666666666667 0.07 0.07833333333333334
0 0.435 0.38916666666666666 0.06833333333333333 0.07
0 0.5041666666666667 0.39416666666666667 0.049166666666666664 0.04
0 0.5808333333333333 0.38666666666666666 0.04 0.0475
0 0.6208333333333333 0.36666666666666664 0.043333333333333335 0.049166666666666664