0 0.905 0.7416666666666667 0.034166666666666665 0.03166666666666667
0 0.945 0.7716666666666666 0.034166666666666665 0.028333333333333332
0 0.9766666666666667 0.8 0.034166666666666665 0.028333333333333332
0 0.995 0.825 0.006666666666666667 0.03333333333333333
0 0.21166666666666667 0.22333333333333333 0.028333333333333332 0.034166666666666665
0 0.17166666666666666 0.19333333333333333 0.028333333333333332 0.03
0 0.06166666666666667 0.08333333333333333 0.028333333333333332 0.03833333333333333
0 0.14166666666666666 0.04 0.024166666666666666 0.024166666666666666
0 0.13166666666666665 0.058333333333333334 0.02 0.024166666666666666
0 0.11666666666666667 0.07666666666666666 0.025833333333333333 0.025833333333333333
0 0.17833333333333334 0.09166666666666666 0.024166666666666666 0.024166666666666666
0 0.16083333333333333 0.11166666666666666 0.025833333333333333 0.028333333333333332
0 0.025833333333333333 0.10083333333333333 0.02 0.018333333333333333
0 0.03 0.07666666666666666 0.02 0.014166666666666666
0 0.42583333333333334 0.32416666666666666 0.024166666666666666 0.02