0 0.9208333333333333 0.2975 0.041666666666666664 0.035833333333333335
0 0.9616666666666667 0.3408333333333333 0.04 0.0475
0 0.23916666666666667 0.4508333333333333 0.035833333333333335 0.025
0 0.3433333333333333 0.5658333333333333 0.041666666666666664 0.045
0 0.44166666666666665 0.6483333333333333 0.04 0.050833333333333335
0 0.20916666666666667 0.7458333333333333 0.045 0.049166666666666664
0 0.29083333333333333 0.8116666666666666 0.049166666666666664 0.043333333333333335
0 0.3375 0.7741666666666667 0.045 0.0525
0 0.37333333333333335 0.7316666666666667 0.043333333333333335 0.050833333333333335
0 0.4125 0.6933333333333334 0.041666666666666664 0.045
0 0.48583333333333334 0.7083333333333334 0.04 0.043333333333333335
0 0.47 0.7425 0.041666666666666664 0.043333333333333335
0 0.4891666666666667 0.78 0.04 0.045
0 0.43583333333333335 0.765 0.03833333333333333 0.049166666666666664
0 0.46 0.8016666666666666 0.0325 0.03833333333333333
0 0.43083333333333335 0.845 0.04 0.049166666666666664
0 0.39166666666666666 0.8241666666666667 0.035833333333333335 0.0325
0 0.41833333333333333 0.8041666666666667 0.04 0.04
0 0.05333333333333334 0.26 0.03833333333333333 0.049166666666666664
0 0.17833333333333334 0.2375 0.030833333333333334 0.04
0 0.2025 0.195 0.029166666666666667 0.045
0 0.3125 0.18916666666666668 0.030833333333333334 0.041666666666666664
0 0.28833333333333333 0.225 0.035833333333333335 0.04
0 0.26416666666666666 0.26416666666666666 0.025 0.04
0 0.30416666666666664 0.2633333333333333 0.0325 0.034166666666666665
0 0.24 0.30333333333333334 0.034166666666666665 0.041666666666666664
0 0.2775 0.3 0.0325 0.041666666666666664