0 0.06833333333333333 0.7841666666666667 0.020833333333333332 0.023333333333333334
0 0.07666666666666666 0.815 0.0325 0.030833333333333334
0 0.08166666666666667 0.88 0.025 0.023333333333333334
0 0.09166666666666666 0.9208333333333333 0.03666666666666667 0.03833333333333333
0 0.1325 0.9216666666666666 0.029166666666666667 0.0325
0 0.16416666666666666 0.9066666666666666 0.023333333333333334 0.025
0 0.17083333333333334 0.8666666666666667 0.025 0.023333333333333334
0 0.16416666666666666 0.7883333333333333 0.02666666666666667 0.025
0 0.16333333333333333 0.7633333333333333 0.029166666666666667 0.020833333333333332
0 0.28833333333333333 0.7625 0.029166666666666667 0.023333333333333334
0 0.3358333333333333 0.885 0.03833333333333333 0.03666666666666667
0 0.42083333333333334 0.88 0.035 0.035
0 0.415 0.7875 0.02666666666666667 0.023333333333333334
0 0.5591666666666667 0.7558333333333334 0.029166666666666667 0.029166666666666667
0 0.5791666666666667 0.785 0.023333333333333334 0.025
0 0.6658333333333334 0.8558333333333333 0.03833333333333333 0.04083333333333333
0 0.7158333333333333 0.8341666666666666 0.030833333333333334 0.030833333333333334
0 0.6941666666666667 0.755 0.0325 0.035
0 0.6466666666666666 0.6816666666666666 0.02666666666666667 0.02666666666666667
0 0.61 0.655 0.0425 0.04083333333333333
0 0.5841666666666666 0.9366666666666666 0.029166666666666667 0.02666666666666667
0 0.8166666666666667 0.9166666666666666 0.030833333333333334 0.02666666666666667
0 0.98 0.9558333333333333 0.029166666666666667 0.02666666666666667
0 0.8408333333333333 0.16333333333333333 0.04083333333333333 0.04083333333333333
0 0.8433333333333334 0.20666666666666667 0.0425 0.035
0 0.8166666666666667 0.25166666666666665 0.03833333333333333 0.03666666666666667
0 0.7758333333333334 0.3125 0.02666666666666667 0.02666666666666667
0 0.6516666666666666 0.135 0.04416666666666667 0.0425
0 0.5066666666666667 0.18333333333333332 0.025 0.023333333333333334
0 0.5433333333333333 0.2325 0.03666666666666667 0.0325
0 0.5183333333333333 0.2683333333333333 0.04083333333333333 0.035
0 0.4866666666666667 0.2966666666666667 0.023333333333333334 0.025
0 0.4691666666666667 0.32666666666666666 0.023333333333333334 0.023333333333333334
0 0.3975 0.32916666666666666 0.023333333333333334 0.025
0 0.30083333333333334 0.17166666666666666 0.023333333333333334 0.030833333333333334
0 0.26916666666666667 0.2 0.029166666666666667 0.025
0 0.2633333333333333 0.23583333333333334 0.025 0.023333333333333334
0 0.25666666666666665 0.26916666666666667 0.02666666666666667 0.020833333333333332
0 0.25166666666666665 0.2991666666666667 0.029166666666666667 0.023333333333333334
0 0.24833333333333332 0.3275 0.0325 0.020833333333333332
0 0.11833333333333333 0.28833333333333333 0.029166666666666667 0.020833333333333332
0 0.11833333333333333 0.2525 0.029166666666666667 0.023333333333333334
0 0.11583333333333333 0.22416666666666665 0.02666666666666667 0.023333333333333334
0 0.1025 0.18916666666666668 0.035 0.035
0 0.0375 0.18916666666666668 0.04416666666666667 0.04666666666666667
0 0.020833333333333332 0.23666666666666666 0.02666666666666667 0.025
0 0.02666666666666667 0.2708333333333333 0.030833333333333334 0.025
0 0.02666666666666667 0.30666666666666664 0.035 0.023333333333333334