0 0.0075 0.18666666666666668 0.015 0.03666666666666667
0 0.15916666666666668 0.1875 0.03333333333333333 0.030833333333333334
0 0.16083333333333333 0.22833333333333333 0.03666666666666667 0.035
0 0.16083333333333333 0.27666666666666667 0.03666666666666667 0.029166666666666667
0 0.15333333333333332 0.31083333333333335 0.030833333333333334 0.0275
0 0.15916666666666668 0.34833333333333333 0.03333333333333333 0.029166666666666667
0 0.1625 0.385 0.030833333333333334 0.029166666666666667
0 0.16083333333333333 0.4241666666666667 0.029166666666666667 0.030833333333333334
0 0.015833333333333335 0.04083333333333333 0.030833333333333334 0.035
0 0.16666666666666666 0.4866666666666667 0.04 0.0275
0 0.16666666666666666 0.5191666666666667 0.03666666666666667 0.030833333333333334
0 0.16083333333333333 0.045 0.03666666666666667 0.030833333333333334
0 0.15833333333333333 0.5558333333333333 0.035 0.0275
0 0.16333333333333333 0.59 0.025833333333333333 0.021666666666666667
0 0.16583333333333333 0.6241666666666666 0.035 0.025833333333333333
0 0.3441666666666667 0.63 0.04416666666666667 0.03666666666666667
0 0.16916666666666666 0.6575 0.035 0.025833333333333333
0 0.16083333333333333 0.7033333333333334 0.03333333333333333 0.029166666666666667
0 0.16666666666666666 0.7383333333333333 0.04 0.03333333333333333
0 0.014166666666666666 0.7458333333333333 0.028333333333333332 0.035
0 0.16333333333333333 0.7766666666666666 0.03333333333333333 0.029166666666666667
0 0.16666666666666666 0.8091666666666667 0.03333333333333333 0.03333333333333333
0 0.015 0.815 0.029166666666666667 0.04
0 0.016666666666666666 0.075 0.03333333333333333 0.03333333333333333
0 0.021666666666666667 0.8516666666666667 0.03666666666666667 0.03333333333333333
0 0.1625 0.8625 0.035 0.04
0 0.018333333333333333 0.8875 0.03666666666666667 0.03833333333333333
0 0.17333333333333334 0.8958333333333334 0.030833333333333334 0.03333333333333333
0 0.020833333333333332 0.9233333333333333 0.03833333333333333 0.03666666666666667
0 0.17416666666666666 0.9658333333333333 0.025833333333333333 0.0275
0 0.16333333333333333 0.09083333333333334 0.029166666666666667 0.024166666666666666
0 0.018333333333333333 0.11416666666666667 0.03666666666666667 0.04583333333333333
0 0.16 0.14083333333333334 0.030833333333333334 0.025833333333333333