0 0.03333333333333333 0.8583333333333333 0.06666666666666667 0.07833333333333334
0 0.22916666666666666 0.8233333333333334 0.08916666666666667 0.0725
0 0.23833333333333334 0.7516666666666667 0.08166666666666667 0.07
0 0.24416666666666667 0.6825 0.08166666666666667 0.06833333333333333
0 0.24166666666666667 0.5583333333333333 0.06833333333333333 0.06666666666666667
0 0.7358333333333333 0.6191666666666666 0.056666666666666664 0.059166666666666666
0 0.3775 0.8225 0.07 0.07
0 0.49583333333333335 0.745 0.056666666666666664 0.05333333333333334
0 0.38666666666666666 0.6716666666666666 0.04 0.0325
0 0.5008333333333334 0.685 0.059166666666666666 0.051666666666666666
0 0.5625 0.6425 0.060833333333333336 0.065
0 0.4025 0.5683333333333334 0.0475 0.05333333333333334
0 0.4675 0.5825 0.05333333333333334 0.0625
0 0.6066666666666667 0.7508333333333334 0.05333333333333334 0.041666666666666664
0 0.9208333333333333 0.8983333333333333 0.051666666666666666 0.0325
0 0.8175 0.8791666666666667 0.041666666666666664 0.04
0 0.4925 0.5216666666666666 0.049166666666666664 0.035833333333333335
0 0.515 0.6358333333333334 0.034166666666666665 0.035833333333333335
0 0.7066666666666667 0.8166666666666667 0.043333333333333335 0.04
0 0.7233333333333334 0.7591666666666667 0.051666666666666666 0.043333333333333335
0 0.6075 0.7091666666666666 0.04 0.02666666666666667
0 0.5258333333333334 0.5833333333333334 0.043333333333333335 0.049166666666666664
0 0.5933333333333334 0.8541666666666666 0.030833333333333334 0.025
0 0.7066666666666667 0.8658333333333333 0.0325 0.025