0 0.2658333333333333 0.5366666666666666 0.0475 0.0625
0 0.42916666666666664 0.5075 0.05416666666666667 0.05583333333333333
0 0.06833333333333333 0.48333333333333334 0.035833333333333335 0.034166666666666665
0 0.3025 0.4791666666666667 0.04583333333333333 0.0525
0 0.06 0.4266666666666667 0.0425 0.05583333333333333
0 0.7358333333333333 0.3383333333333333 0.06416666666666666 0.0525
0 0.3525 0.32416666666666666 0.04416666666666667 0.0425
0 0.30833333333333335 0.2891666666666667 0.04083333333333333 0.03916666666666667
0 0.5083333333333333 0.2808333333333333 0.0475 0.04583333333333333
0 0.11833333333333333 0.24833333333333332 0.030833333333333334 0.035833333333333335
0 0.056666666666666664 0.23833333333333334 0.035833333333333335 0.029166666666666667
0 0.5116666666666667 0.22583333333333333 0.0375 0.04083333333333333
0 0.31833333333333336 0.2175 0.034166666666666665 0.0425
0 0.023333333333333334 0.205 0.023333333333333334 0.034166666666666665
0 0.36666666666666664 0.18833333333333332 0.04583333333333333 0.05416666666666667
0 0.41333333333333333 0.165 0.04083333333333333 0.049166666666666664
0 0.6141666666666666 0.1375 0.025833333333333333 0.0275
0 0.5033333333333333 0.08416666666666667 0.030833333333333334 0.029166666666666667
0 0.5666666666666667 0.07583333333333334 0.029166666666666667 0.029166666666666667