0 0.615 0.13333333333333333 0.028333333333333332 0.034166666666666665
0 0.6783333333333333 0.1325 0.041666666666666664 0.0475
0 0.7083333333333334 0.73 0.051666666666666666 0.05333333333333334
0 0.52 0.6475 0.0475 0.043333333333333335
0 0.45666666666666667 0.8358333333333333 0.03833333333333333 0.04
0 0.41833333333333333 0.44666666666666666 0.03833333333333333 0.041666666666666664
0 0.39166666666666666 0.4066666666666667 0.049166666666666664 0.049166666666666664
0 0.36916666666666664 0.3516666666666667 0.04583333333333333 0.04583333333333333
0 0.3225 0.27166666666666667 0.04 0.034166666666666665
0 0.17333333333333334 0.23583333333333334 0.04583333333333333 0.04583333333333333
0 0.20666666666666667 0.0825 0.025 0.020833333333333332
0 0.1875 0.0675 0.020833333333333332 0.020833333333333332
0 0.1975 0.2841666666666667 0.041666666666666664 0.0475
0 0.24166666666666667 0.36916666666666664 0.041666666666666664 0.041666666666666664
0 0.2575 0.4083333333333333 0.043333333333333335 0.04583333333333333
0 0.30833333333333335 0.49916666666666665 0.04583333333333333 0.051666666666666666
0 0.3283333333333333 0.5383333333333333 0.043333333333333335 0.04583333333333333
0 0.3591666666666667 0.5916666666666667 0.041666666666666664 0.041666666666666664
0 0.38 0.6308333333333334 0.041666666666666664 0.03833333333333333
0 0.39916666666666667 0.6758333333333333 0.041666666666666664 0.043333333333333335
0 0.42833333333333334 0.725 0.043333333333333335 0.043333333333333335
0 0.38333333333333336 0.7641666666666667 0.0325 0.041666666666666664
0 0.33666666666666667 0.7866666666666666 0.03833333333333333 0.049166666666666664