0 0.44166666666666665 0.3383333333333333 0.043333333333333335 0.05333333333333334
0 0.305 0.44 0.04 0.0475
0 0.825 0.6241666666666666 0.05333333333333334 0.051666666666666666
0 0.9433333333333334 0.4633333333333333 0.060833333333333336 0.0475
0 0.43916666666666665 0.7925 0.05333333333333334 0.049166666666666664
0 0.18916666666666668 0.5225 0.04 0.04583333333333333
0 0.14833333333333334 0.555 0.034166666666666665 0.041666666666666664
0 0.11083333333333334 0.5875 0.04 0.049166666666666664
0 0.06666666666666667 0.6141666666666666 0.041666666666666664 0.049166666666666664
0 0.029166666666666667 0.6475 0.043333333333333335 0.055
0 0.006666666666666667 0.6716666666666666 0.009166666666666667 0.055