0 0.03666666666666667 0.23666666666666666 0.043333333333333335 0.0375
0 0.008333333333333333 0.2825 0.013333333333333334 0.050833333333333335
0 0.7441666666666666 0.39666666666666667 0.0375 0.02666666666666667
0 0.6366666666666667 0.5158333333333334 0.043333333333333335 0.04666666666666667
0 0.5341666666666667 0.6016666666666667 0.041666666666666664 0.0525
0 0.775 0.7016666666666667 0.04666666666666667 0.050833333333333335
0 0.6908333333333333 0.7708333333333334 0.050833333333333335 0.045
0 0.6416666666666667 0.7325 0.04666666666666667 0.05416666666666667
0 0.605 0.6883333333333334 0.045 0.0525
0 0.565 0.6475 0.043333333333333335 0.04666666666666667
0 0.48833333333333334 0.6633333333333333 0.041666666666666664 0.045
0 0.505 0.6991666666666667 0.043333333333333335 0.045
0 0.485 0.7375 0.041666666666666664 0.04666666666666667
0 0.54 0.7225 0.03916666666666667 0.050833333333333335
0 0.515 0.76 0.034166666666666665 0.03916666666666667
0 0.545 0.8058333333333333 0.041666666666666664 0.050833333333333335
0 0.5866666666666667 0.7841666666666667 0.0375 0.034166666666666665
0 0.5583333333333333 0.7633333333333333 0.041666666666666664 0.041666666666666664
0 0.9366666666666666 0.19833333333333333 0.03916666666666667 0.050833333333333335
0 0.8075 0.175 0.03166666666666667 0.041666666666666664
0 0.7816666666666666 0.13083333333333333 0.03 0.04666666666666667
0 0.6683333333333333 0.125 0.03166666666666667 0.043333333333333335
0 0.6933333333333334 0.16166666666666665 0.0375 0.041666666666666664
0 0.7183333333333334 0.20333333333333334 0.02666666666666667 0.041666666666666664
0 0.6766666666666666 0.20166666666666666 0.034166666666666665 0.035833333333333335
0 0.7433333333333333 0.24333333333333335 0.035833333333333335 0.043333333333333335
0 0.705 0.24 0.034166666666666665 0.043333333333333335