0 0.135 0.9266666666666666 0.035 0.03333333333333333
0 0.13666666666666666 0.8841666666666667 0.03916666666666667 0.0375
0 0.13666666666666666 0.8316666666666667 0.03916666666666667 0.03166666666666667
0 0.12833333333333333 0.7958333333333333 0.03333333333333333 0.029166666666666667
0 0.135 0.7558333333333334 0.035 0.03166666666666667
0 0.1375 0.7166666666666667 0.03333333333333333 0.03166666666666667
0 0.13666666666666666 0.675 0.03166666666666667 0.03333333333333333
0 0.1425 0.6083333333333333 0.043333333333333335 0.029166666666666667
0 0.1425 0.5733333333333334 0.03916666666666667 0.03333333333333333
0 0.13416666666666666 0.5341666666666667 0.0375 0.029166666666666667
0 0.13833333333333334 0.49833333333333335 0.0275 0.023333333333333334
0 0.14166666666666666 0.4608333333333333 0.0375 0.0275
0 0.33166666666666667 0.455 0.04666666666666667 0.03916666666666667
0 0.14583333333333334 0.42583333333333334 0.0375 0.0275
0 0.13666666666666666 0.37666666666666665 0.035 0.03166666666666667
0 0.1425 0.34 0.043333333333333335 0.035
0 0.13833333333333334 0.2991666666666667 0.035 0.03166666666666667
0 0.1425 0.2633333333333333 0.035 0.035
0 0.005 0.2175 0.01 0.0375
0 0.1375 0.20666666666666667 0.0375 0.043333333333333335
0 0.14916666666666667 0.17166666666666666 0.03333333333333333 0.035
0 0.005 0.14166666666666666 0.01 0.04083333333333333
0 0.15 0.09666666666666666 0.0275 0.029166666666666667
0 0.13583333333333333 0.9766666666666667 0.03333333333333333 0.0275