0 0.015 0.18583333333333332 0.03 0.03
0 0.0325 0.019166666666666665 0.03333333333333333 0.03333333333333333
0 0.5275 0.13916666666666666 0.03166666666666667 0.0275
0 0.5208333333333334 0.23083333333333333 0.03 0.021666666666666667
0 0.6183333333333333 0.4266666666666667 0.06166666666666667 0.05583333333333333
0 0.635 0.25166666666666665 0.06333333333333334 0.05583333333333333
0 0.64 0.16083333333333333 0.03 0.024166666666666666
0 0.9216666666666666 0.16833333333333333 0.025833333333333333 0.024166666666666666
0 0.7541666666666667 0.6616666666666666 0.0475 0.05333333333333334
0 0.645 0.9 0.035833333333333335 0.04583333333333333
0 0.6675 0.9691666666666666 0.0375 0.03333333333333333
0 0.5658333333333333 0.8658333333333333 0.05583333333333333 0.041666666666666664
0 0.5691666666666667 0.8208333333333333 0.03166666666666667 0.0375
0 0.5791666666666667 0.7741666666666667 0.059166666666666666 0.051666666666666666
0 0.5866666666666667 0.6883333333333334 0.06583333333333333 0.05583333333333333
0 0.8475 0.5691666666666667 0.06333333333333334 0.05583333333333333
0 0.8316666666666667 0.7091666666666666 0.03166666666666667 0.03333333333333333
0 0.9891666666666666 0.785 0.0175 0.03
0 0.99 0.75 0.015833333333333335 0.03166666666666667
0 0.9933333333333333 0.715 0.01 0.03333333333333333
0 0.5883333333333334 0.645 0.03333333333333333 0.04
0 0.8433333333333334 0.6308333333333334 0.035833333333333335 0.035833333333333335
0 0.835 0.6766666666666666 0.035833333333333335 0.03166666666666667
0 0.8691666666666666 0.4025 0.035833333333333335 0.03166666666666667
0 0.875 0.36583333333333334 0.035833333333333335 0.0375
0 0.875 0.3325 0.04 0.0375