0 0.9166666666666666 0.5891666666666666 0.09 0.09416666666666666
0 0.39666666666666667 0.7816666666666666 0.041666666666666664 0.04
0 0.3516666666666667 0.8291666666666667 0.035833333333333335 0.041666666666666664
0 0.31333333333333335 0.7716666666666666 0.04583333333333333 0.04
0 0.36583333333333334 0.6783333333333333 0.04416666666666667 0.035833333333333335
0 0.11166666666666666 0.8133333333333334 0.06416666666666666 0.07833333333333334
0 0.17 0.795 0.06416666666666666 0.07
0 0.20416666666666666 0.8133333333333334 0.028333333333333332 0.034166666666666665
0 0.22166666666666668 0.7733333333333333 0.04 0.03833333333333333
0 0.008333333333333333 0.6833333333333333 0.011666666666666667 0.07416666666666667
0 0.16833333333333333 0.6683333333333333 0.06 0.06
0 0.09333333333333334 0.6933333333333334 0.05 0.07416666666666667
0 0.06416666666666666 0.6783333333333333 0.04833333333333333 0.05583333333333333
0 0.03833333333333333 0.7016666666666667 0.051666666666666666 0.07166666666666667
0 0.24916666666666668 0.6833333333333333 0.03833333333333333 0.03
0 0.125 0.6716666666666666 0.05416666666666667 0.06416666666666666