0 0.025833333333333333 0.8175 0.02 0.021666666666666667
0 0.055 0.815 0.015833333333333335 0.021666666666666667
0 0.09416666666666666 0.8058333333333333 0.023333333333333334 0.02666666666666667
0 0.14166666666666666 0.7891666666666667 0.025 0.030833333333333334
0 0.05583333333333333 0.7875 0.018333333333333333 0.02
0 0.20333333333333334 0.7783333333333333 0.02 0.02666666666666667
0 0.17583333333333334 0.7766666666666666 0.025 0.030833333333333334
0 0.0525 0.7708333333333334 0.023333333333333334 0.021666666666666667
0 0.19833333333333333 0.7575 0.02 0.030833333333333334
0 0.05416666666666667 0.7483333333333333 0.025 0.02
0 0.15416666666666667 0.7358333333333333 0.021666666666666667 0.030833333333333334
0 0.1975 0.7341666666666666 0.025 0.023333333333333334
0 0.17333333333333334 0.7225 0.02 0.025
0 0.005833333333333334 0.7166666666666667 0.011666666666666667 0.023333333333333334
0 0.055 0.715 0.023333333333333334 0.014166666666666666
0 0.19416666666666665 0.7075 0.023333333333333334 0.025
0 0.005 0.6991666666666667 0.01 0.021666666666666667
0 0.14083333333333334 0.6883333333333334 0.02 0.028333333333333332
0 0.16666666666666666 0.6858333333333333 0.021666666666666667 0.030833333333333334
0 0.006666666666666667 0.6791666666666667 0.0125 0.021666666666666667
0 0.1925 0.6758333333333333 0.02 0.025
0 0.5508333333333333 0.6708333333333333 0.051666666666666666 0.059166666666666666
0 0.0075 0.6591666666666667 0.014166666666666666 0.025
0 0.1525 0.6541666666666667 0.021666666666666667 0.021666666666666667
0 0.7775 0.505 0.028333333333333332 0.035833333333333335
0 0.13166666666666665 0.12916666666666668 0.0125 0.014166666666666666
0 0.1525 0.12333333333333334 0.010833333333333334 0.014166666666666666
0 0.1925 0.12 0.0125 0.018333333333333333
0 0.17333333333333334 0.11833333333333333 0.0125 0.014166666666666666
0 0.21083333333333334 0.1175 0.015833333333333335 0.015833333333333335
0 0.23083333333333333 0.11416666666666667 0.010833333333333334 0.02
0 0.0525 0.08666666666666667 0.015833333333333335 0.023333333333333334
0 0.025 0.06333333333333334 0.021666666666666667 0.023333333333333334