0 0.12833333333333333 0.8941666666666667 0.07166666666666667 0.060833333333333336
0 0.13166666666666665 0.8216666666666667 0.07166666666666667 0.05583333333333333
0 0.12916666666666668 0.74 0.07 0.0575
0 0.1275 0.6725 0.08083333333333333 0.0575
0 0.12833333333333333 0.6033333333333334 0.06833333333333333 0.05583333333333333
0 0.1325 0.5408333333333334 0.08416666666666667 0.05416666666666667
0 0.018333333333333333 0.6041666666666666 0.03666666666666667 0.0475
0 0.016666666666666666 0.6716666666666666 0.03333333333333333 0.0525
0 0.016666666666666666 0.7958333333333333 0.03333333333333333 0.041666666666666664
0 0.02 0.8625 0.04 0.04
0 0.016666666666666666 0.925 0.03333333333333333 0.03833333333333333
0 0.3025 0.9 0.06333333333333334 0.041666666666666664
0 0.3016666666666667 0.8075 0.060833333333333336 0.03833333333333333
0 0.2966666666666667 0.735 0.060833333333333336 0.043333333333333335
0 0.43166666666666664 0.5441666666666667 0.06333333333333334 0.050833333333333335
0 0.43916666666666665 0.6083333333333333 0.07333333333333333 0.049166666666666664
0 0.44333333333333336 0.6741666666666667 0.06833333333333333 0.043333333333333335
0 0.43666666666666665 0.7433333333333333 0.07666666666666666 0.0525
0 0.7291666666666666 0.8958333333333334 0.08083333333333333 0.0575
0 0.6025 0.7325 0.07166666666666667 0.049166666666666664
0 0.6033333333333334 0.6275 0.0875 0.05583333333333333
0 0.61 0.5241666666666667 0.041666666666666664 0.05583333333333333
0 0.6675 0.5258333333333334 0.059166666666666666 0.06666666666666667
0 0.69 0.44083333333333335 0.07166666666666667 0.06333333333333334
0 0.9366666666666666 0.3516666666666667 0.049166666666666664 0.035
0 0.9825 0.5691666666666667 0.03166666666666667 0.065
0 0.9783333333333334 0.7016666666666667 0.04 0.05416666666666667
0 0.9575 0.8116666666666666 0.06833333333333333 0.0575
0 0.9658333333333333 0.975 0.065 0.04666666666666667
0 0.7333333333333333 0.7383333333333333 0.06833333333333333 0.0575
0 0.7308333333333333 0.6733333333333333 0.05583333333333333 0.049166666666666664
0 0.7366666666666667 0.6083333333333333 0.065 0.059166666666666666
0 0.73 0.525 0.0575 0.065