0 0.67 0.5625 0.04583333333333333 0.06166666666666667
0 0.755 0.5633333333333334 0.041666666666666664 0.043333333333333335
0 0.8375 0.5666666666666667 0.0475 0.0575
0 0.9208333333333333 0.5683333333333334 0.04 0.05
0 0.9916666666666667 0.5733333333333334 0.011666666666666667 0.06333333333333334
0 0.8733333333333333 0.4 0.035833333333333335 0.041666666666666664
0 0.9341666666666667 0.39916666666666667 0.03166666666666667 0.03166666666666667
0 0.9908333333333333 0.38416666666666666 0.014166666666666666 0.05
0 0.425 0.35333333333333333 0.0275 0.04
0 0.38666666666666666 0.3575 0.024166666666666666 0.0275
0 0.35333333333333333 0.3575 0.024166666666666666 0.0275
0 0.2758333333333333 0.35 0.024166666666666666 0.03333333333333333
0 0.24333333333333335 0.35333333333333333 0.021666666666666667 0.0275
0 0.20916666666666667 0.3458333333333333 0.03333333333333333 0.03333333333333333
0 0.17916666666666667 0.79 0.03333333333333333 0.03166666666666667
0 0.21666666666666667 0.7166666666666667 0.035833333333333335 0.0275
0 0.22 0.6516666666666666 0.043333333333333335 0.0375
0 0.21166666666666667 0.5933333333333334 0.03 0.02
0 0.225 0.5291666666666667 0.03333333333333333 0.03
0 0.2791666666666667 0.5083333333333333 0.03 0.03166666666666667
0 0.32916666666666666 0.5091666666666667 0.035833333333333335 0.0375
0 0.38166666666666665 0.5291666666666667 0.03 0.025833333333333333
0 0.3908333333333333 0.6041666666666666 0.04 0.0375