0 0.5566666666666666 0.25666666666666665 0.020833333333333332 0.028333333333333332
0 0.5308333333333334 0.2608333333333333 0.0225 0.020833333333333332
0 0.48833333333333334 0.5275 0.019166666666666665 0.0225
0 0.4666666666666667 0.5425 0.020833333333333332 0.028333333333333332
0 0.6475 0.18416666666666667 0.025 0.02666666666666667
0 0.6125 0.19583333333333333 0.020833333333333332 0.020833333333333332
0 0.5741666666666667 0.1925 0.025 0.03
0 0.6658333333333334 0.1275 0.020833333333333332 0.0225
0 0.6275 0.12416666666666666 0.0225 0.03
0 0.59 0.125 0.025 0.028333333333333332
0 0.525 0.12583333333333332 0.028333333333333332 0.03666666666666667
0 0.54 0.19416666666666665 0.019166666666666665 0.03333333333333333
0 0.5016666666666667 0.19666666666666666 0.03166666666666667 0.03
0 0.4425 0.13166666666666665 0.03 0.028333333333333332
0 0.4275 0.2 0.028333333333333332 0.03333333333333333
0 0.4666666666666667 0.19583333333333333 0.028333333333333332 0.03166666666666667
0 0.43083333333333335 0.04083333333333333 0.0225 0.025
0 0.44916666666666666 0.04833333333333333 0.0175 0.019166666666666665