0 0.23416666666666666 0.48 0.0425 0.0575
0 0.15416666666666667 0.4791666666666667 0.03916666666666667 0.04083333333333333
0 0.07666666666666666 0.4766666666666667 0.045 0.05416666666666667
0 0.009166666666666667 0.47583333333333333 0.015 0.04833333333333333
0 0.0425 0.6333333333333333 0.03333333333333333 0.03916666666666667
0 0.46416666666666667 0.6775 0.025833333333333333 0.0375
0 0.5 0.6733333333333333 0.0225 0.025833333333333333
0 0.5316666666666666 0.6733333333333333 0.0225 0.025833333333333333
0 0.6041666666666666 0.68 0.0225 0.03166666666666667
0 0.635 0.6775 0.020833333333333332 0.025833333333333333
0 0.6666666666666666 0.6841666666666667 0.03166666666666667 0.03166666666666667
0 0.8883333333333333 0.5466666666666666 0.04083333333333333 0.03333333333333333
0 0.8833333333333333 0.4816666666666667 0.03166666666666667 0.03
0 0.695 0.26666666666666666 0.03166666666666667 0.03
0 0.6608333333333334 0.3358333333333333 0.03333333333333333 0.025833333333333333
0 0.6566666666666666 0.39666666666666667 0.04083333333333333 0.035833333333333335
0 0.665 0.45166666666666666 0.028333333333333332 0.018333333333333333
0 0.6516666666666666 0.5125 0.03166666666666667 0.028333333333333332
0 0.6016666666666667 0.5316666666666666 0.028333333333333332 0.03
0 0.5541666666666667 0.5308333333333334 0.03333333333333333 0.035833333333333335
0 0.505 0.5125 0.028333333333333332 0.024166666666666666
0 0.49666666666666665 0.44083333333333335 0.0375 0.035833333333333335