0 0.3883333333333333 0.085 0.03833333333333333 0.03166666666666667
0 0.034166666666666665 0.295 0.03166666666666667 0.023333333333333334
0 0.028333333333333332 0.6066666666666667 0.02666666666666667 0.021666666666666667
0 0.275 0.9808333333333333 0.05 0.035
0 0.2925 0.9458333333333333 0.055 0.035
0 0.30416666666666664 0.8283333333333334 0.045 0.041666666666666664
0 0.39 0.7991666666666667 0.041666666666666664 0.045
0 0.4691666666666667 0.8025 0.03833333333333333 0.03833333333333333
0 0.4075 0.7116666666666667 0.03 0.03666666666666667
0 0.3408333333333333 0.6075 0.04666666666666667 0.03666666666666667
0 0.36666666666666664 0.5091666666666667 0.03833333333333333 0.035
0 0.5375 0.4841666666666667 0.03833333333333333 0.03166666666666667
0 0.5991666666666666 0.5475 0.0675 0.0725
0 0.5441666666666667 0.44916666666666666 0.045 0.035
0 0.5491666666666667 0.4008333333333333 0.06166666666666667 0.05333333333333334
0 0.4275 0.3883333333333333 0.03666666666666667 0.03833333333333333
0 0.3983333333333333 0.2783333333333333 0.041666666666666664 0.03333333333333333
0 0.5825 0.1425 0.056666666666666664 0.05333333333333334
0 0.5158333333333334 0.10916666666666666 0.041666666666666664 0.03
0 0.4225 0.08916666666666667 0.023333333333333334 0.02666666666666667
0 0.47 0.105 0.03666666666666667 0.035
0 0.6258333333333334 0.8091666666666667 0.023333333333333334 0.028333333333333332