0 0.4066666666666667 0.8266666666666667 0.04833333333333333 0.05416666666666667
0 0.5408333333333334 0.9375 0.06583333333333333 0.06333333333333334
0 0.6025 0.9408333333333333 0.05 0.05583333333333333
0 0.6716666666666666 0.94 0.05416666666666667 0.0575
0 0.7258333333333333 0.9425 0.05416666666666667 0.0575
0 0.7758333333333334 0.9566666666666667 0.04666666666666667 0.0675
0 0.855 0.9075 0.06916666666666667 0.05416666666666667
0 0.2 0.495 0.03666666666666667 0.0325
0 0.08333333333333333 0.305 0.05416666666666667 0.05
0 0.20333333333333334 0.44583333333333336 0.04416666666666667 0.0425
0 0.31666666666666665 0.5366666666666666 0.06166666666666667 0.06583333333333333
0 0.23166666666666666 0.3908333333333333 0.0575 0.04833333333333333
0 0.24416666666666667 0.33666666666666667 0.06 0.04833333333333333
0 0.35833333333333334 0.395 0.06333333333333334 0.06
0 0.38 0.3408333333333333 0.05416666666666667 0.04833333333333333
0 0.5183333333333333 0.45666666666666667 0.06 0.05583333333333333
0 0.8716666666666667 0.525 0.0525 0.05416666666666667