0 0.8216666666666667 0.18166666666666667 0.05333333333333334 0.049166666666666664
0 0.7333333333333333 0.1575 0.05333333333333334 0.049166666666666664
0 0.3883333333333333 0.54 0.04583333333333333 0.04583333333333333
0 0.16083333333333333 0.35 0.0375 0.041666666666666664
0 0.26 0.3516666666666667 0.0325 0.04
0 0.24333333333333335 0.6691666666666667 0.0325 0.0325
0 0.285 0.7441666666666666 0.035833333333333335 0.034166666666666665
0 0.09166666666666666 0.2425 0.028333333333333332 0.02666666666666667
0 0.1725 0.8658333333333333 0.0225 0.0225
0 0.2175 0.7666666666666667 0.03 0.0225
0 0.1525 0.9258333333333333 0.016666666666666666 0.015
0 0.14666666666666667 0.88 0.016666666666666666 0.013333333333333334
0 0.11166666666666666 0.9183333333333333 0.015 0.015
0 0.13416666666666666 0.8916666666666667 0.015 0.015
0 0.12083333333333333 0.9041666666666667 0.011666666666666667 0.009166666666666667
0 0.315 0.43916666666666665 0.020833333333333332 0.019166666666666665
0 0.24583333333333332 0.4041666666666667 0.0225 0.025
0 0.10666666666666667 0.2075 0.0325 0.0325
0 0.14583333333333334 0.8175 0.019166666666666665 0.020833333333333332
0 0.11333333333333333 0.7791666666666667 0.0225 0.028333333333333332
0 0.13 0.17833333333333334 0.028333333333333332 0.0225
0 0.17083333333333334 0.275 0.019166666666666665 0.019166666666666665