0 0.9166666666666666 0.16916666666666666 0.0675 0.056666666666666664
0 0.8941666666666667 0.14416666666666667 0.055 0.049166666666666664
0 0.8333333333333334 0.14666666666666667 0.051666666666666666 0.058333333333333334
0 0.7833333333333333 0.14666666666666667 0.049166666666666664 0.0625
0 0.7525 0.2708333333333333 0.07333333333333333 0.07
0 0.6091666666666666 0.2683333333333333 0.05333333333333334 0.049166666666666664
0 0.52 0.2816666666666667 0.07333333333333333 0.07333333333333333
0 0.4375 0.30416666666666664 0.09916666666666667 0.11333333333333333
0 0.31416666666666665 0.32416666666666666 0.13333333333333333 0.12416666666666666
0 0.205 0.3016666666666667 0.06583333333333333 0.0675
0 0.6166666666666667 0.485 0.0675 0.0625
0 0.49 0.49083333333333334 0.0675 0.058333333333333334
0 0.42583333333333334 0.49916666666666665 0.060833333333333336 0.060833333333333336
0 0.3616666666666667 0.49916666666666665 0.060833333333333336 0.056666666666666664
0 0.29583333333333334 0.6266666666666667 0.056666666666666664 0.058333333333333334
0 0.34 0.6683333333333333 0.056666666666666664 0.051666666666666666
0 0.43 0.675 0.058333333333333334 0.056666666666666664
0 0.49416666666666664 0.6725 0.058333333333333334 0.0625
0 0.9133333333333333 0.9666666666666667 0.056666666666666664 0.058333333333333334
0 0.85 0.8558333333333333 0.06583333333333333 0.0825
0 0.775 0.8791666666666667 0.07 0.07333333333333333
0 0.7758333333333334 0.9483333333333334 0.060833333333333336 0.06583333333333333