0 0.605 0.3383333333333333 0.029166666666666667 0.025833333333333333
0 0.5725 0.45916666666666667 0.029166666666666667 0.0375
0 0.3516666666666667 0.5458333333333333 0.030833333333333334 0.04083333333333333
0 0.36 0.6741666666666667 0.0275 0.034166666666666665
0 0.20083333333333334 0.5791666666666667 0.0225 0.029166666666666667
0 0.14083333333333334 0.5391666666666667 0.029166666666666667 0.034166666666666665
0 0.115 0.5208333333333334 0.029166666666666667 0.034166666666666665
0 0.09 0.5041666666666667 0.0325 0.0325
0 0.155 0.009166666666666667 0.0375 0.015
0 0.18666666666666668 0.0075 0.0325 0.011666666666666667
0 0.1475 0.11416666666666667 0.029166666666666667 0.034166666666666665
0 0.16583333333333333 0.14333333333333334 0.034166666666666665 0.030833333333333334
0 0.0525 0.27166666666666667 0.0375 0.030833333333333334
0 0.09666666666666666 0.30833333333333335 0.019166666666666665 0.025833333333333333
0 0.12083333333333333 0.29833333333333334 0.0275 0.034166666666666665
0 0.23166666666666666 0.23416666666666666 0.0275 0.0275
0 0.25583333333333336 0.25583333333333336 0.034166666666666665 0.030833333333333334
0 0.2825 0.3375 0.035833333333333335 0.030833333333333334
0 0.2866666666666667 0.43916666666666665 0.0275 0.035833333333333335
0 0.49416666666666664 0.2966666666666667 0.0325 0.04083333333333333
0 0.3491666666666667 0.42333333333333334 0.025833333333333333 0.0275
0 0.8175 0.33416666666666667 0.024166666666666666 0.0275
0 0.8191666666666667 0.9125 0.030833333333333334 0.0425
0 0.8491666666666666 0.93 0.029166666666666667 0.0375
0 0.9066666666666666 0.9725 0.029166666666666667 0.0375
0 0.5 0.9675 0.020833333333333332 0.0275