0 0.4875 0.75 0.04833333333333333 0.05
0 0.64 0.7241666666666666 0.04833333333333333 0.0575
0 0.7758333333333334 0.7166666666666667 0.0325 0.03833333333333333
0 0.8458333333333333 0.7233333333333334 0.051666666666666666 0.051666666666666666
0 0.10916666666666666 0.7291666666666666 0.0275 0.0325
0 0.14083333333333334 0.7291666666666666 0.015833333333333335 0.019166666666666665
0 0.17166666666666666 0.7275 0.024166666666666666 0.0225
0 0.1575 0.6008333333333333 0.03833333333333333 0.05
0 0.19666666666666666 0.6008333333333333 0.04 0.05333333333333334
0 0.24083333333333334 0.6 0.035 0.04833333333333333
0 0.2825 0.5983333333333334 0.0325 0.04833333333333333
0 0.33 0.6058333333333333 0.043333333333333335 0.051666666666666666
0 0.049166666666666664 0.5691666666666667 0.043333333333333335 0.03833333333333333
0 0.050833333333333335 0.5275 0.043333333333333335 0.035
0 0.19833333333333333 0.515 0.025833333333333333 0.0325
0 0.2475 0.5133333333333333 0.0275 0.0325
0 0.2825 0.5133333333333333 0.025833333333333333 0.029166666666666667
0 0.12916666666666668 0.8108333333333333 0.0325 0.03666666666666667
0 0.025 0.7633333333333333 0.029166666666666667 0.0275
0 0.26 0.7683333333333333 0.025833333333333333 0.0275
0 0.0125 0.7866666666666666 0.024166666666666666 0.0225