0 0.3933333333333333 0.1 0.03333333333333333 0.028333333333333332
0 0.3925 0.13833333333333334 0.05 0.03333333333333333
0 0.3983333333333333 0.18083333333333335 0.0425 0.03333333333333333
0 0.014166666666666666 0.2 0.028333333333333332 0.0375
0 0.42833333333333334 0.7808333333333334 0.05 0.03916666666666667
0 0.44 0.5 0.04083333333333333 0.03333333333333333
0 0.4275 0.4225 0.04833333333333333 0.0425
0 0.7375 0.07166666666666667 0.05 0.03916666666666667
0 0.7475 0.15666666666666668 0.03916666666666667 0.03
0 0.7516666666666667 0.18916666666666668 0.04833333333333333 0.035833333333333335
0 0.7591666666666667 0.25666666666666665 0.0525 0.03916666666666667
0 0.7666666666666667 0.33 0.04833333333333333 0.0375
0 0.775 0.37333333333333335 0.04666666666666667 0.045
0 0.7766666666666666 0.41583333333333333 0.035833333333333335 0.03
0 0.7666666666666667 0.6433333333333333 0.0375 0.0375
0 0.6866666666666666 0.7991666666666667 0.04833333333333333 0.03916666666666667