0 0.435 0.655 0.041666666666666664 0.04583333333333333
0 0.36083333333333334 0.7183333333333334 0.03833333333333333 0.04
0 0.25416666666666665 0.805 0.03166666666666667 0.021666666666666667
0 0.5491666666666667 0.5591666666666667 0.034166666666666665 0.03833333333333333
0 0.4791666666666667 0.625 0.025833333333333333 0.025833333333333333
0 0.2758333333333333 0.7358333333333333 0.024166666666666666 0.02
0 0.23166666666666666 0.7633333333333333 0.02 0.021666666666666667
0 0.6741666666666667 0.4558333333333333 0.024166666666666666 0.02
0 0.29083333333333333 0.83 0.021666666666666667 0.024166666666666666
0 0.675 0.49583333333333335 0.021666666666666667 0.02
0 0.585 0.4708333333333333 0.018333333333333333 0.018333333333333333
0 0.4716666666666667 0.5833333333333334 0.024166666666666666 0.021666666666666667
0 0.36 0.6733333333333333 0.02 0.021666666666666667