0 0.5591666666666667 0.20166666666666666 0.05583333333333333 0.0575
0 0.7341666666666666 0.23083333333333333 0.05583333333333333 0.06583333333333333
0 0.89 0.24 0.0375 0.043333333333333335
0 0.9691666666666666 0.23333333333333334 0.0575 0.06166666666666667
0 0.125 0.225 0.03166666666666667 0.0375
0 0.16166666666666665 0.225 0.0175 0.021666666666666667
0 0.19666666666666666 0.2275 0.0275 0.025833333333333333
0 0.18083333333333335 0.37166666666666665 0.043333333333333335 0.0575
0 0.225 0.37166666666666665 0.04583333333333333 0.06166666666666667
0 0.2758333333333333 0.37333333333333335 0.04 0.05583333333333333
0 0.32416666666666666 0.375 0.0375 0.05583333333333333
0 0.37833333333333335 0.36666666666666664 0.05 0.059166666666666666
0 0.056666666666666664 0.4083333333333333 0.05 0.043333333333333335
0 0.058333333333333334 0.45666666666666667 0.05 0.04
0 0.2275 0.4708333333333333 0.03 0.0375
0 0.2833333333333333 0.47333333333333333 0.03166666666666667 0.0375
0 0.32416666666666666 0.47333333333333333 0.03 0.03333333333333333
0 0.1475 0.13166666666666665 0.0375 0.041666666666666664
0 0.029166666666666667 0.18666666666666668 0.03333333333333333 0.03166666666666667
0 0.29833333333333334 0.18083333333333335 0.03 0.03166666666666667
0 0.014166666666666666 0.16 0.0275 0.025833333333333333