0 0.4741666666666667 0.9916666666666667 0.03833333333333333 0.013333333333333334
0 0.35 0.6908333333333333 0.0175 0.014166666666666666
0 0.4866666666666667 0.69 0.015833333333333335 0.015833333333333335
0 0.3466666666666667 0.68 0.014166666666666666 0.010833333333333334
0 0.18916666666666668 0.6608333333333334 0.020833333333333332 0.0175
0 0.055 0.6608333333333334 0.014166666666666666 0.014166666666666666
0 0.006666666666666667 0.6558333333333334 0.013333333333333334 0.018333333333333333
0 0.006666666666666667 0.6266666666666667 0.013333333333333334 0.02
0 0.2633333333333333 0.6025 0.014166666666666666 0.0175
0 0.2841666666666667 0.6025 0.014166666666666666 0.014166666666666666
0 0.355 0.6 0.0175 0.023333333333333334
0 0.33666666666666667 0.5991666666666666 0.019166666666666665 0.020833333333333332
0 0.38416666666666666 0.5991666666666666 0.019166666666666665 0.025
0 0.008333333333333333 0.5966666666666667 0.015833333333333335 0.019166666666666665
0 0.09333333333333334 0.5975 0.028333333333333332 0.0175
0 0.29583333333333334 0.5966666666666667 0.015833333333333335 0.015833333333333335
0 0.27 0.595 0.014166666666666666 0.014166666666666666
0 0.25333333333333335 0.5941666666666666 0.015833333333333335 0.015833333333333335
0 0.4841666666666667 0.5833333333333334 0.028333333333333332 0.020833333333333332
0 0.0975 0.5783333333333334 0.020833333333333332 0.0125
0 0.008333333333333333 0.5766666666666667 0.015833333333333335 0.019166666666666665
0 0.06 0.5775 0.014166666666666666 0.014166666666666666
0 0.5141666666666667 0.575 0.025 0.015833333333333335
0 0.06916666666666667 0.57 0.020833333333333332 0.0125
0 0.5266666666666666 0.5691666666666667 0.028333333333333332 0.0175
0 0.09166666666666666 0.5691666666666667 0.0175 0.014166666666666666
0 0.49583333333333335 0.5675 0.03 0.020833333333333332
0 0.09916666666666667 0.5625 0.0175 0.0125
0 0.06416666666666666 0.5583333333333333 0.019166666666666665 0.010833333333333334
0 0.0075 0.5541666666666667 0.015 0.021666666666666667
0 0.07083333333333333 0.5466666666666666 0.025 0.0125
0 0.06416666666666666 0.5383333333333333 0.019166666666666665 0.0125
0 0.0975 0.5383333333333333 0.0175 0.0125
0 0.011666666666666667 0.535 0.015833333333333335 0.014166666666666666
0 0.035833333333333335 0.5266666666666666 0.019166666666666665 0.025
0 0.06333333333333334 0.5258333333333334 0.0175 0.0125
0 0.07083333333333333 0.5183333333333333 0.025 0.0125
0 0.09166666666666666 0.5166666666666667 0.0175 0.015833333333333335
0 0.30416666666666664 0.5133333333333333 0.0175 0.015833333333333335
0 0.09666666666666666 0.5066666666666667 0.015833333333333335 0.014166666666666666
0 0.010833333333333334 0.505 0.020833333333333332 0.014166666666666666
0 0.010833333333333334 0.4975 0.014166666666666666 0.0125
0 0.31083333333333335 0.49666666666666665 0.0175 0.014166666666666666
0 0.07416666666666667 0.49583333333333335 0.025 0.019166666666666665
0 0.06333333333333334 0.48583333333333334 0.020833333333333332 0.014166666666666666
0 0.31833333333333336 0.4816666666666667 0.025 0.015833333333333335
0 0.009166666666666667 0.475 0.0175 0.020833333333333332
0 0.0975 0.46416666666666667 0.03166666666666667 0.02666666666666667
0 0.31833333333333336 0.4583333333333333 0.028333333333333332 0.019166666666666665
0 0.0675 0.455 0.0175 0.0125
0 0.02 0.4533333333333333 0.019166666666666665 0.015833333333333335
0 0.07333333333333333 0.44416666666666665 0.023333333333333334 0.015833333333333335
0 0.37083333333333335 0.4375 0.028333333333333332 0.02666666666666667
0 0.3175 0.43666666666666665 0.03 0.020833333333333332
0 0.09166666666666666 0.43333333333333335 0.0175 0.015833333333333335
0 0.07083333333333333 0.4166666666666667 0.025 0.0175
0 0.3175 0.41583333333333333 0.023333333333333334 0.015833333333333335
0 0.8625 0.415 0.0175 0.0175
0 0.8625 0.39416666666666667 0.0175 0.020833333333333332
0 0.9216666666666666 0.3933333333333333 0.023333333333333334 0.03
0 0.0725 0.3933333333333333 0.0175 0.0125
0 0.9441666666666667 0.3925 0.023333333333333334 0.03166666666666667
0 0.8816666666666667 0.39166666666666666 0.0175 0.023333333333333334
0 0.8983333333333333 0.39166666666666666 0.023333333333333334 0.03
0 0.8191666666666667 0.3908333333333333 0.02666666666666667 0.028333333333333332
0 0.37166666666666665 0.3883333333333333 0.02666666666666667 0.0175
0 0.7833333333333333 0.3875 0.023333333333333334 0.03
0 0.7341666666666666 0.385 0.02666666666666667 0.028333333333333332
0 0.6458333333333334 0.38416666666666666 0.023333333333333334 0.02666666666666667
0 0.7075 0.38416666666666666 0.02666666666666667 0.03
0 0.7608333333333334 0.38416666666666666 0.023333333333333334 0.03
0 0.6658333333333334 0.3775 0.014166666666666666 0.015833333333333335
0 0.07166666666666667 0.36583333333333334 0.019166666666666665 0.0175
0 0.37416666666666665 0.365 0.03166666666666667 0.02666666666666667
0 0.3175 0.35833333333333334 0.019166666666666665 0.0175
0 0.16083333333333333 0.3441666666666667 0.020833333333333332 0.020833333333333332
0 0.09833333333333333 0.3383333333333333 0.019166666666666665 0.019166666666666665
0 0.3225 0.3358333333333333 0.04083333333333333 0.028333333333333332
0 0.8991666666666667 0.3283333333333333 0.028333333333333332 0.035
0 0.7125 0.32416666666666666 0.019166666666666665 0.02666666666666667
0 0.7333333333333333 0.32416666666666666 0.020833333333333332 0.02666666666666667
0 0.755 0.3225 0.02666666666666667 0.02666666666666667
0 0.7808333333333334 0.3225 0.025 0.023333333333333334
0 0.9216666666666666 0.3225 0.015833333333333335 0.019166666666666665
0 0.8083333333333333 0.32083333333333336 0.03 0.03333333333333333
0 0.6416666666666667 0.3125 0.03166666666666667 0.03166666666666667
0 0.56 0.31166666666666665 0.03166666666666667 0.03333333333333333
0 0.5975 0.31 0.035 0.03333333333333333
0 0.3233333333333333 0.30916666666666665 0.03916666666666667 0.025
0 0.19583333333333333 0.2891666666666667 0.035 0.02666666666666667
0 0.6875 0.0275 0.028333333333333332 0.02666666666666667
0 0.6608333333333334 0.015 0.028333333333333332 0.02666666666666667