0 0.5141666666666667 0.23 0.021666666666666667 0.023333333333333334
0 0.5575 0.16 0.028333333333333332 0.034166666666666665
0 0.6541666666666667 0.1 0.028333333333333332 0.0325
0 0.6891666666666667 0.18916666666666668 0.034166666666666665 0.030833333333333334
0 0.8191666666666667 0.23916666666666667 0.025 0.02666666666666667
0 0.86 0.36833333333333335 0.025 0.030833333333333334
0 0.33666666666666667 0.5466666666666666 0.021666666666666667 0.025
0 0.4075 0.5391666666666667 0.023333333333333334 0.025
0 0.4625 0.5625 0.025 0.025
0 0.5 0.5633333333333334 0.0325 0.023333333333333334
0 0.69 0.5783333333333334 0.021666666666666667 0.02
0 0.6025 0.5725 0.021666666666666667 0.02666666666666667
0 0.545 0.5866666666666667 0.028333333333333332 0.030833333333333334
0 0.4475 0.19583333333333333 0.02666666666666667 0.02
0 0.4275 0.3125 0.02 0.023333333333333334
0 0.4141666666666667 0.36583333333333334 0.021666666666666667 0.021666666666666667
0 0.4041666666666667 0.42083333333333334 0.023333333333333334 0.025
0 0.3975 0.44916666666666666 0.028333333333333332 0.02
0 0.5366666666666666 0.058333333333333334 0.02666666666666667 0.02666666666666667
0 0.16666666666666666 0.5041666666666667 0.028333333333333332 0.034166666666666665
0 0.23083333333333333 0.44583333333333336 0.021666666666666667 0.025
0 0.23833333333333334 0.4266666666666667 0.021666666666666667 0.021666666666666667
0 0.255 0.43916666666666665 0.023333333333333334 0.018333333333333333
0 0.18083333333333335 0.5408333333333334 0.010833333333333334 0.014166666666666666
0 0.16666666666666666 0.5366666666666666 0.014166666666666666 0.015833333333333335
0 0.2375 0.505 0.015833333333333335 0.021666666666666667
0 0.255 0.49333333333333335 0.023333333333333334 0.023333333333333334
0 0.2608333333333333 0.5091666666666667 0.030833333333333334 0.014166666666666666
0 0.25916666666666666 0.5383333333333333 0.02666666666666667 0.015833333333333335
0 0.18333333333333332 0.4091666666666667 0.023333333333333334 0.02
0 0.44 0.07416666666666667 0.02 0.02
0 0.4166666666666667 0.07083333333333333 0.015833333333333335 0.02
0 0.3641666666666667 0.0875 0.028333333333333332 0.025
0 0.20583333333333334 0.37583333333333335 0.021666666666666667 0.023333333333333334
0 0.17416666666666666 0.3925 0.025 0.021666666666666667
0 0.19083333333333333 0.38 0.02 0.018333333333333333
0 0.22166666666666668 0.385 0.02 0.021666666666666667