0 0.8208333333333333 0.33 0.019166666666666665 0.02666666666666667
0 0.79 0.32416666666666666 0.025 0.028333333333333332
0 0.7308333333333333 0.31916666666666665 0.034166666666666665 0.0375
0 0.67 0.3125 0.023333333333333334 0.02666666666666667
0 0.6966666666666667 0.17833333333333334 0.023333333333333334 0.028333333333333332
0 0.6708333333333333 0.17583333333333334 0.025 0.028333333333333332
0 0.6766666666666666 0.1325 0.0375 0.03
0 0.4608333333333333 0.10833333333333334 0.028333333333333332 0.035833333333333335
0 0.4008333333333333 0.11 0.02666666666666667 0.03166666666666667
0 0.3516666666666667 0.15083333333333335 0.03 0.028333333333333332
0 0.38666666666666666 0.335 0.034166666666666665 0.04083333333333333
0 0.31083333333333335 0.2 0.02666666666666667 0.034166666666666665
0 0.26 0.1425 0.025 0.03166666666666667
0 0.2608333333333333 0.20166666666666666 0.051666666666666666 0.04833333333333333
0 0.2025 0.195 0.05 0.04833333333333333
0 0.14166666666666666 0.21166666666666667 0.04083333333333333 0.05
0 0.0875 0.21166666666666667 0.0425 0.05
0 0.24916666666666668 0.32166666666666666 0.028333333333333332 0.03166666666666667
0 0.14 0.32083333333333336 0.034166666666666665 0.04833333333333333
0 0.09666666666666666 0.3175 0.034166666666666665 0.034166666666666665
0 0.016666666666666666 0.31416666666666665 0.03 0.0375