0 0.4891666666666667 0.1525 0.028333333333333332 0.02666666666666667
0 0.4716666666666667 0.22333333333333333 0.05 0.04833333333333333
0 0.4683333333333333 0.295 0.05333333333333334 0.05
0 0.5425 0.37666666666666665 0.05333333333333334 0.055
0 0.7225 0.22416666666666665 0.05333333333333334 0.05
0 0.7225 0.28833333333333333 0.05333333333333334 0.05333333333333334
0 0.61 0.2866666666666667 0.05 0.04666666666666667
0 0.61 0.3591666666666667 0.05333333333333334 0.05
0 0.7233333333333334 0.3566666666666667 0.055 0.04833333333333333
0 0.9625 0.37166666666666665 0.056666666666666664 0.06416666666666666
0 0.9608333333333333 0.30833333333333335 0.05333333333333334 0.06583333333333333
0 0.8558333333333333 0.32 0.056666666666666664 0.05
0 0.8591666666666666 0.37083333333333335 0.05333333333333334 0.04416666666666667
0 0.8658333333333333 0.5808333333333333 0.04833333333333333 0.051666666666666666
0 0.9683333333333334 0.5975 0.05 0.0425
0 0.36333333333333334 0.23833333333333334 0.0425 0.03916666666666667
0 0.3625 0.29083333333333333 0.055 0.04833333333333333
0 0.4716666666666667 0.36916666666666664 0.05 0.04833333333333333
0 0.4691666666666667 0.43083333333333335 0.04416666666666667 0.03916666666666667
0 0.61 0.43666666666666665 0.05333333333333334 0.04833333333333333
0 0.7208333333333333 0.4225 0.05 0.0375
0 0.7225 0.4925 0.05333333333333334 0.0425
0 0.6075 0.49583333333333335 0.055 0.04833333333333333
0 0.6083333333333333 0.5483333333333333 0.05 0.05333333333333334
0 0.6075 0.5991666666666666 0.04833333333333333 0.04833333333333333
0 0.4725 0.5516666666666666 0.055 0.05333333333333334
0 0.5408333333333334 0.6016666666666667 0.04666666666666667 0.05
0 0.9158333333333334 0.6675 0.04833333333333333 0.056666666666666664
0 0.9683333333333334 0.6675 0.05 0.056666666666666664
0 0.7291666666666666 0.5491666666666667 0.05 0.051666666666666666
0 0.7258333333333333 0.6016666666666667 0.05 0.04666666666666667
0 0.7241666666666666 0.6525 0.03916666666666667 0.0375
0 0.6108333333333333 0.6508333333333334 0.04416666666666667 0.03916666666666667
0 0.30583333333333335 0.6466666666666666 0.05 0.058333333333333334
0 0.15916666666666668 0.9416666666666667 0.034166666666666665 0.025
0 0.36833333333333335 0.6508333333333334 0.05 0.04666666666666667
0 0.25 0.66 0.02666666666666667 0.035833333333333335
0 0.3625 0.4975 0.051666666666666666 0.04833333333333333
0 0.3641666666666667 0.3933333333333333 0.04833333333333333 0.04666666666666667
0 0.36333333333333334 0.3416666666666667 0.056666666666666664 0.05
0 0.3641666666666667 0.5483333333333333 0.04833333333333333 0.04666666666666667
0 0.36666666666666664 0.6016666666666667 0.056666666666666664 0.05333333333333334
0 0.0575 0.5925 0.02666666666666667 0.028333333333333332
0 0.095 0.5908333333333333 0.02666666666666667 0.03166666666666667
0 0.13083333333333333 0.5925 0.023333333333333334 0.03166666666666667
0 0.015833333333333335 0.20666666666666667 0.028333333333333332 0.03166666666666667
0 0.04666666666666667 0.22 0.028333333333333332 0.02666666666666667
0 0.16333333333333333 0.5933333333333334 0.021666666666666667 0.03
0 0.19916666666666666 0.595 0.025 0.0375
0 0.19166666666666668 0.54 0.034166666666666665 0.03
0 0.1975 0.49666666666666665 0.028333333333333332 0.028333333333333332
0 0.19583333333333333 0.4666666666666667 0.025 0.03
0 0.185 0.43166666666666664 0.025 0.02666666666666667
0 0.07583333333333334 0.22 0.02666666666666667 0.034166666666666665
0 0.11 0.21833333333333332 0.028333333333333332 0.03
0 0.1975 0.25333333333333335 0.028333333333333332 0.03
0 0.19833333333333333 0.29083333333333333 0.04416666666666667 0.0375