0 0.3725 0.3516666666666667 0.04666666666666667 0.05
0 0.33166666666666667 0.37083333333333335 0.0425 0.0425
0 0.24166666666666667 0.30583333333333335 0.04666666666666667 0.04833333333333333
0 0.23166666666666666 0.4216666666666667 0.0425 0.0525
0 0.15416666666666667 0.23916666666666667 0.0425 0.04666666666666667
0 0.12583333333333332 0.47583333333333333 0.0425 0.04416666666666667
0 0.0675 0.5133333333333333 0.0425 0.04666666666666667
0 0.42583333333333334 0.7508333333333334 0.04083333333333333 0.05
0 0.37416666666666665 0.7808333333333334 0.0425 0.04833333333333333
0 0.1475 0.7 0.04083333333333333 0.04083333333333333
0 0.0525 0.7791666666666667 0.035 0.03666666666666667
0 0.15416666666666667 0.9525 0.04666666666666667 0.04833333333333333
0 0.0725 0.9575 0.04083333333333333 0.04666666666666667
0 0.6083333333333333 0.8291666666666667 0.05 0.04083333333333333
0 0.3308333333333333 0.7991666666666667 0.04083333333333333 0.04666666666666667
0 0.20833333333333334 0.815 0.03833333333333333 0.03833333333333333
0 0.195 0.78 0.023333333333333334 0.023333333333333334
0 0.175 0.7741666666666667 0.020833333333333332 0.023333333333333334
0 0.21583333333333332 0.3333333333333333 0.023333333333333334 0.029166666666666667
0 0.19666666666666666 0.3475 0.015833333333333335 0.019166666666666665
0 0.15083333333333335 0.3416666666666667 0.019166666666666665 0.023333333333333334
0 0.10833333333333334 0.36833333333333335 0.019166666666666665 0.015833333333333335
0 0.17583333333333334 0.9858333333333333 0.04666666666666667 0.025
0 0.28833333333333333 0.9708333333333333 0.04416666666666667 0.03833333333333333
0 0.27 0.9158333333333334 0.02666666666666667 0.029166666666666667
0 0.17166666666666666 0.35583333333333333 0.019166666666666665 0.0175
0 0.14833333333333334 0.3675 0.015833333333333335 0.0175
0 0.12833333333333333 0.3775 0.020833333333333332 0.020833333333333332
0 0.1175 0.24416666666666667 0.015833333333333335 0.025
0 0.09333333333333334 0.25666666666666665 0.013333333333333334 0.019166666666666665
0 0.07333333333333333 0.26666666666666666 0.019166666666666665 0.019166666666666665
0 0.07166666666666667 0.2916666666666667 0.011666666666666667 0.015833333333333335
0 0.095 0.28 0.019166666666666665 0.015833333333333335
0 0.11666666666666667 0.26666666666666666 0.0175 0.011666666666666667