0 0.7791666666666667 0.8308333333333333 0.06916666666666667 0.07083333333333333
0 0.7475 0.2608333333333333 0.06416666666666666 0.07333333333333333
0 0.6216666666666667 0.39166666666666666 0.0675 0.056666666666666664
0 0.595 0.47 0.08 0.075
0 0.5858333333333333 0.6541666666666667 0.08 0.075
0 0.7391666666666666 0.03 0.058333333333333334 0.06
0 0.5883333333333334 0.7375 0.075 0.06916666666666667
0 0.59 0.9591666666666666 0.0825 0.075
0 0.11333333333333333 0.98 0.06583333333333333 0.03666666666666667
0 0.07833333333333334 0.22416666666666665 0.058333333333333334 0.06583333333333333
0 0.2225 0.3325 0.06583333333333333 0.06166666666666667
0 0.2683333333333333 0.40166666666666667 0.06916666666666667 0.06583333333333333
0 0.2991666666666667 0.4725 0.08 0.06916666666666667
0 0.3075 0.6541666666666667 0.0825 0.07083333333333333
0 0.31 0.7441666666666666 0.08 0.07333333333333333
0 0.2891666666666667 0.8591666666666666 0.041666666666666664 0.04416666666666667