0 0.99 0.84 0.016666666666666666 0.03333333333333333
0 0.9791666666666666 0.9916666666666667 0.035 0.013333333333333334
0 0.49833333333333335 0.8841666666666667 0.030833333333333334 0.02666666666666667
0 0.505 0.7941666666666667 0.029166666666666667 0.020833333333333332
0 0.41 0.6041666666666666 0.06 0.05416666666666667
0 0.39416666666666667 0.7741666666666667 0.06166666666666667 0.05416666666666667
0 0.38916666666666666 0.8633333333333333 0.029166666666666667 0.023333333333333334
0 0.115 0.855 0.025 0.023333333333333334
0 0.2783333333333333 0.37583333333333335 0.04666666666666667 0.0525
0 0.38416666666666666 0.14416666666666667 0.035 0.04416666666666667
0 0.3616666666666667 0.07666666666666666 0.03666666666666667 0.0325
0 0.3175 0.013333333333333334 0.04833333333333333 0.02666666666666667
0 0.46166666666666667 0.17666666666666667 0.05416666666666667 0.04083333333333333
0 0.4575 0.22083333333333333 0.030833333333333334 0.03666666666666667
0 0.4475 0.26666666666666666 0.0575 0.05
0 0.44083333333333335 0.3491666666666667 0.06333333333333334 0.05416666666666667
0 0.1875 0.465 0.06166666666666667 0.05416666666666667
0 0.2025 0.32916666666666666 0.030833333333333334 0.0325
0 0.041666666666666664 0.255 0.0325 0.02666666666666667
0 0.03833333333333333 0.28833333333333333 0.035 0.029166666666666667
0 0.035 0.3225 0.030833333333333334 0.030833333333333334
0 0.0175 0.5916666666666667 0.030833333333333334 0.06
0 0.43916666666666665 0.39166666666666666 0.0325 0.03833333333333333
0 0.19083333333333333 0.405 0.035 0.035
0 0.19916666666666666 0.36083333333333334 0.035 0.030833333333333334
0 0.013333333333333334 0.6625 0.023333333333333334 0.0575
0 0.16583333333333333 0.6275 0.035 0.030833333333333334
0 0.16 0.6633333333333333 0.035 0.03666666666666667
0 0.16 0.6958333333333333 0.03833333333333333 0.03666666666666667