0 0.5133333333333333 0.006666666666666667 0.03666666666666667 0.013333333333333334
0 0.6375 0.30666666666666664 0.0175 0.014166666666666666
0 0.5008333333333334 0.3075 0.015833333333333335 0.015833333333333335
0 0.6408333333333334 0.31666666666666665 0.014166666666666666 0.010833333333333334
0 0.7975 0.33666666666666667 0.020833333333333332 0.0175
0 0.9316666666666666 0.33666666666666667 0.014166666666666666 0.014166666666666666
0 0.985 0.3408333333333333 0.019166666666666665 0.015833333333333335
0 0.985 0.37 0.019166666666666665 0.0175
0 0.7233333333333334 0.39416666666666667 0.014166666666666666 0.0175
0 0.7025 0.39416666666666667 0.014166666666666666 0.014166666666666666
0 0.6316666666666667 0.39666666666666667 0.0175 0.0225
0 0.6508333333333334 0.3975 0.019166666666666665 0.020833333333333332
0 0.6033333333333334 0.3975 0.019166666666666665 0.025
0 0.9816666666666667 0.4 0.019166666666666665 0.0175
0 0.8925 0.4 0.028333333333333332 0.0175
0 0.6908333333333333 0.4008333333333333 0.015833333333333335 0.015833333333333335
0 0.7166666666666667 0.40166666666666667 0.014166666666666666 0.014166666666666666
0 0.7333333333333333 0.4025 0.015833333333333335 0.015833333333333335
0 0.5033333333333333 0.41333333333333333 0.028333333333333332 0.020833333333333332
0 0.8891666666666667 0.41833333333333333 0.020833333333333332 0.0125
0 0.9833333333333333 0.4191666666666667 0.0225 0.0175
0 0.9258333333333333 0.4191666666666667 0.014166666666666666 0.014166666666666666
0 0.47333333333333333 0.4216666666666667 0.025 0.015833333333333335
0 0.9175 0.4266666666666667 0.020833333333333332 0.0125
0 0.46166666666666667 0.4275 0.028333333333333332 0.0175
0 0.8941666666666667 0.4275 0.0175 0.014166666666666666
0 0.49166666666666664 0.42916666666666664 0.03 0.020833333333333332
0 0.8875 0.43416666666666665 0.0175 0.0125
0 0.9216666666666666 0.43833333333333335 0.019166666666666665 0.010833333333333334
0 0.9825 0.44166666666666665 0.0175 0.0175
0 0.9158333333333334 0.45 0.025 0.0125
0 0.9216666666666666 0.4583333333333333 0.019166666666666665 0.0125
0 0.8891666666666667 0.4583333333333333 0.0175 0.0125
0 0.9741666666666666 0.46166666666666667 0.015833333333333335 0.014166666666666666
0 0.95 0.47 0.019166666666666665 0.025
0 0.9225 0.4708333333333333 0.0175 0.0125
0 0.9158333333333334 0.47833333333333333 0.025 0.0125
0 0.8941666666666667 0.48 0.0175 0.015833333333333335
0 0.6833333333333333 0.48333333333333334 0.0175 0.015833333333333335
0 0.89 0.4891666666666667 0.015833333333333335 0.014166666666666666
0 0.9791666666666666 0.49 0.025 0.0125
0 0.975 0.49916666666666665 0.014166666666666666 0.0125
0 0.6758333333333333 0.5 0.0175 0.014166666666666666
0 0.9116666666666666 0.5008333333333334 0.025 0.019166666666666665
0 0.9225 0.5108333333333334 0.020833333333333332 0.014166666666666666
0 0.6691666666666667 0.515 0.025 0.015833333333333335
0 0.9808333333333333 0.52 0.020833333333333332 0.019166666666666665
0 0.8891666666666667 0.5325 0.03166666666666667 0.02666666666666667
0 0.6691666666666667 0.5375 0.028333333333333332 0.019166666666666665
0 0.9191666666666667 0.5416666666666666 0.0175 0.0125
0 0.9658333333333333 0.5433333333333333 0.019166666666666665 0.015833333333333335
0 0.9125 0.5516666666666666 0.0225 0.015833333333333335
0 0.6158333333333333 0.5591666666666667 0.028333333333333332 0.02666666666666667
0 0.67 0.56 0.03 0.020833333333333332
0 0.8941666666666667 0.5625 0.0175 0.015833333333333335
0 0.9158333333333334 0.5791666666666667 0.025 0.0175
0 0.67 0.58 0.0225 0.015833333333333335
0 0.12666666666666668 0.5808333333333333 0.0175 0.0175
0 0.12666666666666668 0.6025 0.0175 0.020833333333333332
0 0.0675 0.6033333333333334 0.0225 0.03
0 0.9133333333333333 0.6033333333333334 0.0175 0.0125
0 0.045 0.6041666666666666 0.0225 0.03166666666666667
0 0.1075 0.605 0.0175 0.0225
0 0.09083333333333334 0.605 0.0225 0.03
0 0.17 0.6058333333333333 0.02666666666666667 0.028333333333333332
0 0.615 0.6075 0.02666666666666667 0.0175
0 0.205 0.6083333333333333 0.0225 0.03
0 0.25416666666666665 0.6108333333333333 0.02666666666666667 0.028333333333333332
0 0.3425 0.6116666666666667 0.0225 0.02666666666666667
0 0.2808333333333333 0.6116666666666667 0.02666666666666667 0.03
0 0.22833333333333333 0.6116666666666667 0.0225 0.03
0 0.3225 0.6191666666666666 0.014166666666666666 0.015833333333333335
0 0.915 0.63 0.019166666666666665 0.0175
0 0.6125 0.6308333333333334 0.03166666666666667 0.02666666666666667
0 0.67 0.6375 0.019166666666666665 0.0175
0 0.8258333333333333 0.6516666666666666 0.020833333333333332 0.020833333333333332
0 0.8883333333333333 0.6575 0.019166666666666665 0.019166666666666665
0 0.665 0.66 0.04083333333333333 0.028333333333333332
0 0.09 0.6675 0.028333333333333332 0.035
0 0.2758333333333333 0.6716666666666666 0.019166666666666665 0.02666666666666667
0 0.255 0.6716666666666666 0.020833333333333332 0.02666666666666667
0 0.23333333333333334 0.6733333333333333 0.02666666666666667 0.02666666666666667
0 0.2075 0.6733333333333333 0.025 0.0225
0 0.0675 0.6733333333333333 0.015833333333333335 0.019166666666666665
0 0.18083333333333335 0.675 0.03 0.03333333333333333
0 0.3466666666666667 0.6833333333333333 0.03166666666666667 0.03166666666666667
0 0.4275 0.6841666666666667 0.03166666666666667 0.03333333333333333
0 0.3908333333333333 0.6858333333333333 0.035 0.03333333333333333
0 0.6633333333333333 0.6866666666666666 0.03833333333333333 0.025
0 0.7908333333333334 0.7066666666666667 0.035 0.02666666666666667
0 0.30083333333333334 0.9675 0.028333333333333332 0.02666666666666667
0 0.3275 0.98 0.028333333333333332 0.02666666666666667
0 0.3525 0.9941666666666666 0.028333333333333332 0.009166666666666667