0 0.15333333333333332 0.2783333333333333 0.03333333333333333 0.03333333333333333
0 0.29 0.3958333333333333 0.028333333333333332 0.025833333333333333
0 0.5491666666666667 0.3925 0.03166666666666667 0.03166666666666667
0 0.31333333333333335 0.2783333333333333 0.0375 0.04083333333333333
0 0.315 0.23916666666666667 0.03333333333333333 0.0375
0 0.24333333333333335 0.22083333333333333 0.03166666666666667 0.028333333333333332
0 0.0825 0.4866666666666667 0.03 0.025833333333333333
0 0.20166666666666666 0.6816666666666666 0.025833333333333333 0.03166666666666667
0 0.07833333333333334 0.395 0.03333333333333333 0.028333333333333332
0 0.2025 0.395 0.020833333333333332 0.016666666666666666
0 0.011666666666666667 0.2475 0.023333333333333334 0.03166666666666667
0 0.8016666666666666 0.2891666666666667 0.024166666666666666 0.03
0 0.21583333333333332 0.825 0.024166666666666666 0.0375
0 0.0075 0.8258333333333333 0.015 0.03916666666666667
0 0.10666666666666667 0.925 0.03 0.04083333333333333
0 0.8858333333333334 0.2891666666666667 0.018333333333333333 0.03
0 0.9833333333333333 0.265 0.0225 0.025833333333333333
0 0.6316666666666667 0.018333333333333333 0.020833333333333332 0.025833333333333333
0 0.31166666666666665 0.03 0.03 0.03333333333333333
0 0.03 0.1275 0.03333333333333333 0.03166666666666667
0 0.8983333333333333 0.1975 0.024166666666666666 0.025833333333333333
0 0.8258333333333333 0.21 0.03166666666666667 0.028333333333333332
0 0.8566666666666667 0.2875 0.0225 0.03
0 0.825 0.2425 0.03 0.025833333333333333
0 0.8325 0.2708333333333333 0.0225 0.025833333333333333
0 0.83 0.023333333333333334 0.025833333333333333 0.024166666666666666
0 0.8316666666666667 0.004166666666666667 0.03 0.008333333333333333
0 0.7425 0.005 0.0375 0.009166666666666667
0 0.6725 0.0016666666666666668 0.03916666666666667 0.0033333333333333335
0 0.2375 0.004166666666666667 0.03833333333333333 0.008333333333333333
0 0.8991666666666667 0.22916666666666666 0.03 0.025833333333333333
0 0.22166666666666668 0.8683333333333333 0.03 0.035833333333333335