0 0.6908333333333333 0.8508333333333333 0.0325 0.03916666666666667
0 0.5533333333333333 0.725 0.02666666666666667 0.025
0 0.5816666666666667 0.6916666666666667 0.034166666666666665 0.034166666666666665
0 0.2891666666666667 0.6158333333333333 0.035833333333333335 0.034166666666666665
0 0.75 0.9933333333333333 0.0325 0.0125
0 0.7925 0.9866666666666667 0.035 0.023333333333333334
0 0.1275 0.4058333333333333 0.035833333333333335 0.041666666666666664
0 0.09083333333333334 0.3441666666666667 0.02666666666666667 0.0375
0 0.27166666666666667 0.29083333333333333 0.025 0.02666666666666667
0 0.175 0.2075 0.02 0.015833333333333335
0 0.19666666666666666 0.1825 0.02 0.015833333333333335
0 0.14333333333333334 0.13416666666666666 0.02 0.02
0 0.16583333333333333 0.1225 0.018333333333333333 0.018333333333333333
0 0.0775 0.1025 0.021666666666666667 0.025
0 0.105 0.08583333333333333 0.023333333333333334 0.02666666666666667
0 0.8816666666666667 0.9408333333333333 0.029166666666666667 0.0325
0 0.945 0.8966666666666666 0.0375 0.041666666666666664