0 0.8508333333333333 0.5816666666666667 0.0225 0.03166666666666667
0 0.7 0.54 0.024166666666666666 0.024166666666666666
0 0.7458333333333333 0.5508333333333333 0.024166666666666666 0.035
0 0.61 0.5241666666666667 0.024166666666666666 0.024166666666666666
0 0.5883333333333334 0.52 0.0225 0.025833333333333333
0 0.43 0.4875 0.024166666666666666 0.0275
0 0.4533333333333333 0.495 0.024166666666666666 0.024166666666666666
0 0.47833333333333333 0.49833333333333335 0.0225 0.0275
0 0.49916666666666665 0.5008333333333334 0.019166666666666665 0.025833333333333333
0 0.5216666666666666 0.5083333333333333 0.019166666666666665 0.0275
0 0.5441666666666667 0.5125 0.019166666666666665 0.035
0 0.565 0.5158333333333334 0.019166666666666665 0.024166666666666666