0 0.38416666666666666 0.27166666666666667 0.0425 0.04416666666666667
0 0.4375 0.265 0.0425 0.03916666666666667
0 0.49 0.2675 0.0375 0.04833333333333333
0 0.7308333333333333 0.5225 0.04416666666666667 0.04833333333333333
0 0.8183333333333334 0.5233333333333333 0.0425 0.05
0 0.8675 0.5216666666666666 0.04083333333333333 0.05
0 0.33166666666666667 0.3525 0.03 0.035833333333333335
0 0.6425 0.36083333333333334 0.04666666666666667 0.056666666666666664
0 0.17916666666666667 0.355 0.02666666666666667 0.023333333333333334
0 0.4 0.595 0.021666666666666667 0.03
0 0.595 0.5916666666666667 0.015833333333333335 0.023333333333333334
0 0.6625 0.5958333333333333 0.019166666666666665 0.025
0 0.6066666666666667 0.6083333333333333 0.0175 0.025
0 0.20666666666666667 0.7358333333333333 0.03166666666666667 0.0375
0 0.3575 0.765 0.035833333333333335 0.0425
0 0.295 0.7858333333333334 0.0175 0.015833333333333335
0 0.2966666666666667 0.8116666666666666 0.019166666666666665 0.021666666666666667
0 0.23916666666666667 0.9475 0.04833333333333333 0.055
0 0.29333333333333333 0.9533333333333334 0.035833333333333335 0.0425
0 0.4041666666666667 0.9508333333333333 0.04666666666666667 0.051666666666666666
0 0.31416666666666665 0.10666666666666667 0.023333333333333334 0.0175