0 0.029166666666666667 0.029166666666666667 0.058333333333333334 0.058333333333333334
0 0.0275 0.11833333333333333 0.055 0.07
0 0.029166666666666667 0.19583333333333333 0.058333333333333334 0.06833333333333333
0 0.025833333333333333 0.275 0.051666666666666666 0.06583333333333333
0 0.03333333333333333 0.3458333333333333 0.06583333333333333 0.06416666666666666
0 0.20916666666666667 0.04 0.07 0.04416666666666667
0 0.20333333333333334 0.12333333333333334 0.07 0.05
0 0.35833333333333334 0.3408333333333333 0.07166666666666667 0.058333333333333334
0 0.36583333333333334 0.2683333333333333 0.08416666666666667 0.05583333333333333
0 0.37083333333333335 0.19333333333333333 0.07833333333333334 0.05
0 0.3641666666666667 0.11416666666666667 0.08833333333333333 0.06
0 0.5533333333333333 0.12583333333333332 0.08166666666666667 0.05583333333333333
0 0.5541666666666667 0.24583333333333332 0.1 0.06416666666666666
0 0.5616666666666666 0.3641666666666667 0.04833333333333333 0.06416666666666666
0 0.6283333333333333 0.3616666666666667 0.06833333333333333 0.07583333333333334
0 0.6533333333333333 0.46 0.08166666666666667 0.07166666666666667
0 0.9358333333333333 0.5616666666666666 0.05583333333333333 0.04
0 0.9841666666666666 0.31333333333333335 0.028333333333333332 0.07416666666666667
0 0.9791666666666666 0.16083333333333333 0.03833333333333333 0.06166666666666667
0 0.9591666666666666 0.035 0.07833333333333334 0.06583333333333333
0 0.7033333333333334 0.11916666666666667 0.07833333333333334 0.06583333333333333
0 0.7 0.19416666666666665 0.06416666666666666 0.05583333333333333
0 0.7066666666666667 0.2683333333333333 0.07416666666666667 0.06833333333333333
0 0.6991666666666667 0.36333333333333334 0.06583333333333333 0.07416666666666667