0 0.7733333333333333 0.3358333333333333 0.035 0.035
0 0.4766666666666667 0.3466666666666667 0.03166666666666667 0.03666666666666667
0 0.7758333333333334 0.5216666666666666 0.03666666666666667 0.0425
0 0.7308333333333333 0.52 0.03916666666666667 0.04833333333333333
0 0.5808333333333333 0.5158333333333334 0.03916666666666667 0.04666666666666667
0 0.5391666666666667 0.5166666666666667 0.03666666666666667 0.04416666666666667
0 0.49666666666666665 0.5191666666666667 0.03666666666666667 0.0425
0 0.4475 0.5225 0.03916666666666667 0.04833333333333333
0 0.4025 0.5233333333333333 0.03916666666666667 0.04666666666666667
0 0.36 0.525 0.03916666666666667 0.0425
0 0.15333333333333332 0.48583333333333334 0.03333333333333333 0.035
0 0.245 0.47 0.03916666666666667 0.03333333333333333
0 0.24166666666666667 0.4266666666666667 0.03916666666666667 0.0425
0 0.24 0.38 0.035 0.03333333333333333
0 0.24833333333333332 0.5583333333333333 0.03666666666666667 0.03916666666666667
0 0.2525 0.6116666666666667 0.035 0.03166666666666667
0 0.25666666666666665 0.6983333333333334 0.035 0.03666666666666667