0 0.095 0.335 0.0425 0.05333333333333334
0 0.17833333333333334 0.31166666666666665 0.04583333333333333 0.059166666666666666
0 0.5125 0.2941666666666667 0.04833333333333333 0.05333333333333334
0 0.5758333333333333 0.31083333333333335 0.04833333333333333 0.05333333333333334
0 0.7341666666666666 0.37083333333333335 0.04416666666666667 0.055
0 0.8075 0.4083333333333333 0.0425 0.05
0 0.9358333333333333 0.515 0.04416666666666667 0.04083333333333333
0 0.9708333333333333 0.5675 0.04083333333333333 0.03833333333333333
0 0.9908333333333333 0.6041666666666666 0.015 0.0425
0 0.1625 0.1 0.04083333333333333 0.051666666666666666
0 0.26666666666666666 0.10583333333333333 0.04583333333333333 0.05333333333333334
0 0.32166666666666666 0.10666666666666667 0.04583333333333333 0.051666666666666666
0 0.49166666666666664 0.11083333333333334 0.05 0.051666666666666666
0 0.8825 0.11833333333333333 0.0425 0.055