0 0.31416666666666665 0.5933333333333334 0.024166666666666666 0.035
0 0.24666666666666667 0.6033333333333334 0.025833333333333333 0.03
0 0.30333333333333334 0.4483333333333333 0.025833333333333333 0.03
0 0.2 0.36583333333333334 0.04416666666666667 0.03916666666666667
0 0.0175 0.2475 0.03166666666666667 0.03916666666666667
0 0.4666666666666667 0.41083333333333333 0.03666666666666667 0.03333333333333333
0 0.7825 0.28583333333333333 0.03166666666666667 0.03166666666666667
0 0.8525 0.4666666666666667 0.035 0.025833333333333333
0 0.8566666666666667 0.5941666666666666 0.03166666666666667 0.03333333333333333
0 0.6333333333333333 0.6508333333333334 0.03333333333333333 0.0275
0 0.4741666666666667 0.25916666666666666 0.0225 0.03333333333333333
0 0.20833333333333334 0.7175 0.035 0.03166666666666667
0 0.5116666666666667 0.8 0.0275 0.0225
0 0.5841666666666666 0.8016666666666666 0.024166666666666666 0.03666666666666667
0 0.4841666666666667 0.7275 0.03166666666666667 0.03333333333333333
0 0.4816666666666667 0.6183333333333333 0.025833333333333333 0.025833333333333333
0 0.615 0.25916666666666666 0.03333333333333333 0.03
0 0.6083333333333333 0.22 0.016666666666666666 0.018333333333333333
0 0.5241666666666667 0.20333333333333334 0.0225 0.03
0 0.9666666666666667 0.46416666666666667 0.03 0.03166666666666667