0 0.7483333333333333 0.4925 0.03166666666666667 0.043333333333333335
0 0.7083333333333334 0.5016666666666667 0.0275 0.03916666666666667
0 0.6691666666666667 0.5141666666666667 0.03166666666666667 0.043333333333333335
0 0.6325 0.5283333333333333 0.03333333333333333 0.045
0 0.37083333333333335 0.42 0.03333333333333333 0.041666666666666664
0 0.5758333333333333 0.5416666666666666 0.029166666666666667 0.03166666666666667
0 0.5308333333333334 0.6075 0.03333333333333333 0.029166666666666667
0 0.4716666666666667 0.6691666666666667 0.029166666666666667 0.03916666666666667
0 0.42916666666666664 0.69 0.0275 0.0375
0 0.3875 0.7008333333333333 0.0275 0.03916666666666667
0 0.2975 0.37833333333333335 0.03166666666666667 0.03916666666666667
0 0.2708333333333333 0.355 0.03333333333333333 0.0375
0 0.4675 0.7141666666666666 0.03333333333333333 0.03166666666666667
0 0.4 0.735 0.035833333333333335 0.03333333333333333
0 0.3325 0.6358333333333334 0.02 0.0275
0 0.43833333333333335 0.7225 0.029166666666666667 0.0275
0 0.060833333333333336 0.42583333333333334 0.03166666666666667 0.029166666666666667