0 0.30416666666666664 0.595 0.08166666666666667 0.0875
0 0.04 0.52 0.075 0.07916666666666666
0 0.3075 0.7591666666666667 0.07166666666666667 0.07333333333333333
0 0.7566666666666667 0.8766666666666667 0.07333333333333333 0.07166666666666667
0 0.4116666666666667 0.8091666666666667 0.07333333333333333 0.08333333333333333
0 0.6133333333333333 0.6316666666666667 0.059166666666666666 0.06916666666666667
0 0.8 0.41 0.059166666666666666 0.07333333333333333
0 0.9808333333333333 0.4558333333333333 0.035 0.075
0 0.49583333333333335 0.37 0.051666666666666666 0.06166666666666667
0 0.20916666666666667 0.325 0.085 0.07916666666666666
0 0.45166666666666666 0.1425 0.0375 0.035833333333333335
0 0.21 0.7791666666666667 0.0675 0.07333333333333333
0 0.3858333333333333 0.23 0.0575 0.08333333333333333