0 0.15916666666666668 0.6516666666666666 0.051666666666666666 0.06666666666666667
0 0.2891666666666667 0.6625 0.055 0.055
0 0.3566666666666667 0.6658333333333334 0.056666666666666664 0.06166666666666667
0 0.41083333333333333 0.6583333333333333 0.058333333333333334 0.06333333333333334
0 0.5208333333333334 0.6533333333333333 0.058333333333333334 0.06333333333333334
0 0.585 0.6491666666666667 0.056666666666666664 0.065
0 0.6425 0.645 0.051666666666666666 0.07
0 0.8258333333333333 0.4191666666666667 0.06666666666666667 0.04833333333333333
0 0.83 0.475 0.06666666666666667 0.05333333333333334
0 0.8358333333333333 0.5966666666666667 0.04833333333333333 0.05
0 0.8375 0.6558333333333334 0.058333333333333334 0.04833333333333333
0 0.9591666666666666 0.6933333333333334 0.04833333333333333 0.055
0 0.6958333333333333 0.6441666666666667 0.05 0.058333333333333334
0 0.16416666666666666 0.8875 0.055 0.03916666666666667
0 0.6825 0.7866666666666666 0.035833333333333335 0.04583333333333333
0 0.8541666666666666 0.83 0.06833333333333333 0.05
0 0.8408333333333333 0.7158333333333333 0.051666666666666666 0.034166666666666665