0 0.1825 0.11416666666666667 0.0475 0.04083333333333333
0 0.3375 0.3 0.0275 0.024166666666666666
0 0.059166666666666666 0.465 0.04583333333333333 0.03916666666666667
0 0.013333333333333334 0.5783333333333334 0.02666666666666667 0.03
0 0.011666666666666667 0.6225 0.023333333333333334 0.03833333333333333
0 0.2833333333333333 0.6858333333333333 0.034166666666666665 0.04083333333333333
0 0.595 0.8916666666666667 0.0425 0.035833333333333335
0 0.2975 0.9191666666666667 0.0425 0.03916666666666667
0 0.23666666666666666 0.8433333333333334 0.03916666666666667 0.0375
0 0.2816666666666667 0.8616666666666667 0.04083333333333333 0.034166666666666665
0 0.3491666666666667 0.865 0.035833333333333335 0.034166666666666665
0 0.7783333333333333 0.41333333333333333 0.020833333333333332 0.030833333333333334
0 0.8041666666666667 0.6308333333333334 0.04416666666666667 0.03916666666666667
0 0.8208333333333333 0.5908333333333333 0.04416666666666667 0.0375
0 0.2758333333333333 0.7975 0.035833333333333335 0.035833333333333335
0 0.385 0.7458333333333333 0.03916666666666667 0.0375
0 0.425 0.7275 0.0375 0.0425
0 0.42 0.5316666666666666 0.04083333333333333 0.0425
0 0.46 0.7066666666666667 0.03916666666666667 0.04083333333333333
0 0.44166666666666665 0.8225 0.0375 0.04083333333333333
0 0.485 0.7983333333333333 0.0375 0.04083333333333333
0 0.6483333333333333 0.6958333333333333 0.0375 0.0375
0 0.43583333333333335 0.5641666666666667 0.0225 0.0225
0 0.4583333333333333 0.6041666666666666 0.025833333333333333 0.024166666666666666
0 0.49416666666666664 0.47 0.035833333333333335 0.035833333333333335
0 0.9141666666666667 0.7541666666666667 0.03916666666666667 0.0375
0 0.5266666666666666 0.7741666666666667 0.025833333333333333 0.0225
0 0.5108333333333334 0.5133333333333333 0.0225 0.024166666666666666
0 0.3425 0.5916666666666667 0.0225 0.0225
0 0.615 0.78 0.0225 0.024166666666666666
0 0.6533333333333333 0.795 0.0275 0.020833333333333332
0 0.8691666666666666 0.9116666666666666 0.0325 0.030833333333333334
0 0.7825 0.7458333333333333 0.029166666666666667 0.0275
0 0.425 0.8975 0.0275 0.024166666666666666
0 0.8175 0.7558333333333334 0.0375 0.04083333333333333
0 0.8566666666666667 0.77 0.034166666666666665 0.04083333333333333
0 0.96 0.7216666666666667 0.0325 0.0375
0 0.8191666666666667 0.8483333333333334 0.024166666666666666 0.0375
0 0.8733333333333333 0.9625 0.0475 0.04416666666666667
0 0.67 0.9883333333333333 0.03 0.02