0 0.375 0.985 0.0375 0.025833333333333333
0 0.7208333333333333 0.6408333333333334 0.035833333333333335 0.035833333333333335
0 0.4225 0.6308333333333334 0.03166666666666667 0.0375
0 0.7241666666666666 0.45416666666666666 0.0375 0.0425
0 0.6783333333333333 0.455 0.03916666666666667 0.04833333333333333
0 0.5266666666666666 0.46 0.03916666666666667 0.04666666666666667
0 0.485 0.45916666666666667 0.0375 0.045
0 0.4425 0.4558333333333333 0.0375 0.0425
0 0.3925 0.4533333333333333 0.03916666666666667 0.04833333333333333
0 0.34833333333333333 0.4525 0.03916666666666667 0.04666666666666667
0 0.305 0.4508333333333333 0.03916666666666667 0.0425
0 0.09666666666666666 0.49 0.03333333333333333 0.035833333333333335
0 0.18916666666666668 0.5058333333333334 0.03916666666666667 0.03333333333333333
0 0.18583333333333332 0.5491666666666667 0.03916666666666667 0.0425
0 0.18416666666666667 0.5966666666666667 0.035833333333333335 0.03333333333333333
0 0.1925 0.4166666666666667 0.0375 0.03916666666666667
0 0.19666666666666666 0.3625 0.035833333333333335 0.03166666666666667
0 0.20083333333333334 0.2758333333333333 0.035833333333333335 0.0375