0 0.9608333333333333 0.31166666666666665 0.025833333333333333 0.041666666666666664
0 0.9541666666666667 0.39416666666666667 0.029166666666666667 0.025833333333333333
0 0.9933333333333333 0.4583333333333333 0.01 0.02666666666666667
0 0.955 0.7508333333333334 0.0275 0.025833333333333333
0 0.9341666666666667 0.775 0.030833333333333334 0.025833333333333333
0 0.8025 0.8433333333333334 0.025833333333333333 0.0275
0 0.7691666666666667 0.9025 0.030833333333333334 0.029166666666666667
0 0.9875 0.9816666666666667 0.021666666666666667 0.03666666666666667
0 0.9091666666666667 0.9916666666666667 0.06 0.014166666666666666
0 0.3575 0.9916666666666667 0.056666666666666664 0.014166666666666666
0 0.445 0.93 0.034166666666666665 0.043333333333333335
0 0.3175 0.9458333333333333 0.034166666666666665 0.04
0 0.27 0.9508333333333333 0.043333333333333335 0.06
0 0.2225 0.9325 0.034166666666666665 0.04833333333333333
0 0.035 0.9441666666666667 0.056666666666666664 0.0675
0 0.12333333333333334 0.8466666666666667 0.0325 0.030833333333333334
0 0.06416666666666666 0.7675 0.058333333333333334 0.06166666666666667
0 0.051666666666666666 0.5008333333333334 0.041666666666666664 0.0325
0 0.11 0.3958333333333333 0.03833333333333333 0.0325
0 0.12916666666666668 0.2991666666666667 0.04833333333333333 0.04
0 0.035 0.28 0.04 0.04
0 0.18 0.07 0.05 0.035833333333333335
0 0.7941666666666667 0.245 0.0225 0.0275