0 0.525 0.6966666666666667 0.03916666666666667 0.043333333333333335
0 0.4558333333333333 0.7558333333333334 0.035833333333333335 0.0375
0 0.355 0.8375 0.03 0.020833333333333332
0 0.6325 0.6058333333333333 0.03166666666666667 0.035833333333333335
0 0.5666666666666667 0.6683333333333333 0.024166666666666666 0.024166666666666666
0 0.37583333333333335 0.7725 0.0225 0.019166666666666665
0 0.335 0.7983333333333333 0.019166666666666665 0.020833333333333332
0 0.75 0.5091666666666667 0.0225 0.019166666666666665
0 0.39 0.8608333333333333 0.020833333333333332 0.0225
0 0.7508333333333334 0.5466666666666666 0.020833333333333332 0.019166666666666665
0 0.6666666666666666 0.5233333333333333 0.016666666666666666 0.016666666666666666
0 0.56 0.6291666666666667 0.0225 0.020833333333333332
0 0.455 0.7133333333333334 0.019166666666666665 0.020833333333333332