0 0.8458333333333333 0.12916666666666668 0.055 0.04666666666666667
0 0.6683333333333333 0.3416666666666667 0.03166666666666667 0.0275
0 0.9791666666666666 0.5291666666666667 0.04083333333333333 0.04666666666666667
0 0.7308333333333333 0.7833333333333333 0.03916666666666667 0.04666666666666667
0 0.7841666666666667 0.9625 0.045 0.043333333333333335
0 0.7325 0.98 0.051666666666666666 0.03666666666666667
0 0.6541666666666667 0.9825 0.045 0.03166666666666667
0 0.16416666666666666 0.4708333333333333 0.023333333333333334 0.035
0 0.135 0.72 0.050833333333333335 0.045
0 0.115 0.6741666666666667 0.050833333333333335 0.043333333333333335
0 0.7391666666666666 0.9108333333333334 0.04083333333333333 0.04083333333333333
0 0.6141666666666666 0.8516666666666667 0.045 0.043333333333333335
0 0.5683333333333334 0.8308333333333333 0.043333333333333335 0.049166666666666664
0 0.5741666666666667 0.6066666666666667 0.04666666666666667 0.049166666666666664
0 0.5283333333333333 0.8066666666666666 0.045 0.04666666666666667
0 0.5491666666666667 0.9391666666666667 0.043333333333333335 0.04666666666666667
0 0.5 0.9125 0.043333333333333335 0.04666666666666667
0 0.3125 0.795 0.043333333333333335 0.043333333333333335
0 0.5558333333333333 0.6433333333333333 0.025 0.025
0 0.53 0.6891666666666667 0.029166666666666667 0.0275
0 0.4891666666666667 0.5358333333333334 0.04083333333333333 0.04083333333333333
0 0.016666666666666666 0.86 0.029166666666666667 0.045
0 0.4525 0.8841666666666667 0.029166666666666667 0.025
0 0.47 0.5858333333333333 0.025 0.0275
0 0.6633333333333333 0.675 0.025 0.025
0 0.35083333333333333 0.8908333333333334 0.025 0.0275
0 0.30666666666666664 0.9083333333333333 0.03166666666666667 0.023333333333333334
0 0.15916666666666668 0.8516666666666667 0.03333333333333333 0.03166666666666667
0 0.11916666666666667 0.8633333333333333 0.043333333333333335 0.04666666666666667
0 0.07416666666666667 0.8791666666666667 0.03916666666666667 0.04666666666666667
0 0.1175 0.9683333333333334 0.0275 0.043333333333333335