0 0.3925 0.20833333333333334 0.0425 0.03166666666666667
0 0.6658333333333334 0.21083333333333334 0.045 0.04083333333333333
0 0.5541666666666667 0.22 0.04833333333333333 0.045
0 0.6641666666666667 0.25916666666666666 0.04083333333333333 0.04083333333333333
0 0.555 0.26666666666666666 0.05 0.04833333333333333
0 0.67 0.30416666666666664 0.04083333333333333 0.04083333333333333
0 0.505 0.30666666666666664 0.035833333333333335 0.035833333333333335
0 0.555 0.315 0.04666666666666667 0.045
0 0.3925 0.32666666666666666 0.0425 0.0375
0 0.395 0.3875 0.05 0.03916666666666667
0 0.3958333333333333 0.4425 0.045 0.0375
0 0.505 0.4633333333333333 0.03916666666666667 0.035833333333333335
0 0.395 0.5 0.03916666666666667 0.03333333333333333
0 0.3958333333333333 0.5591666666666667 0.04833333333333333 0.03166666666666667
0 0.6583333333333333 0.6125 0.05583333333333333 0.065
0 0.3958333333333333 0.6216666666666667 0.04083333333333333 0.04083333333333333
0 0.5325 0.7625 0.028333333333333332 0.028333333333333332
0 0.53 0.8075 0.0375 0.03333333333333333
0 0.5325 0.855 0.03916666666666667 0.035833333333333335
0 0.39916666666666667 0.8616666666666667 0.0675 0.06
0 0.5325 0.905 0.0425 0.045
0 0.40166666666666667 0.93 0.065 0.0575
0 0.5308333333333334 0.9525 0.0425 0.028333333333333332
0 0.4058333333333333 0.985 0.05416666666666667 0.025833333333333333
0 0.3933333333333333 0.15083333333333335 0.04083333333333333 0.03
0 0.5008333333333334 0.15333333333333332 0.0425 0.0375
0 0.7241666666666666 0.155 0.045 0.04083333333333333
0 0.6633333333333333 0.16166666666666665 0.04666666666666667 0.03916666666666667
0 0.555 0.16916666666666666 0.04666666666666667 0.03916666666666667