0 0.8766666666666667 0.3283333333333333 0.020833333333333332 0.028333333333333332
0 0.8425 0.32166666666666666 0.02666666666666667 0.030833333333333334
0 0.7783333333333333 0.31666666666666665 0.03666666666666667 0.04
0 0.7133333333333334 0.30916666666666665 0.025 0.028333333333333332
0 0.7425 0.165 0.025 0.030833333333333334
0 0.7141666666666666 0.1625 0.02666666666666667 0.030833333333333334
0 0.7216666666666667 0.11583333333333333 0.04 0.0325
0 0.48833333333333334 0.09 0.030833333333333334 0.03833333333333333
0 0.4241666666666667 0.09166666666666666 0.028333333333333332 0.034166666666666665
0 0.37083333333333335 0.13583333333333333 0.0325 0.030833333333333334
0 0.4091666666666667 0.33416666666666667 0.03666666666666667 0.04416666666666667
0 0.32666666666666666 0.18833333333333332 0.028333333333333332 0.03666666666666667
0 0.27166666666666667 0.12666666666666668 0.02666666666666667 0.034166666666666665
0 0.2733333333333333 0.19083333333333333 0.05583333333333333 0.051666666666666666
0 0.21083333333333334 0.18333333333333332 0.05333333333333334 0.051666666666666666
0 0.145 0.20083333333333334 0.04416666666666667 0.05333333333333334
0 0.08583333333333333 0.20083333333333334 0.04583333333333333 0.05333333333333334
0 0.2608333333333333 0.32 0.030833333333333334 0.034166666666666665
0 0.1425 0.31916666666666665 0.03666666666666667 0.051666666666666666
0 0.09666666666666666 0.315 0.03666666666666667 0.03666666666666667
0 0.014166666666666666 0.3125 0.025 0.0425