0 0.5483333333333333 0.6033333333333334 0.04583333333333333 0.035
0 0.7816666666666666 0.4625 0.035 0.035
0 0.5575 0.3725 0.035 0.0325
0 0.3825 0.3325 0.056666666666666664 0.06166666666666667
0 0.5833333333333334 0.015833333333333335 0.030833333333333334 0.030833333333333334
0 0.19333333333333333 0.42833333333333334 0.04416666666666667 0.04583333333333333
0 0.095 0.5558333333333333 0.0325 0.03833333333333333
0 0.008333333333333333 0.685 0.0125 0.03833333333333333
0 0.1825 0.6516666666666666 0.029166666666666667 0.029166666666666667
0 0.2733333333333333 0.5091666666666667 0.029166666666666667 0.0325
0 0.235 0.46416666666666667 0.029166666666666667 0.03833333333333333
0 0.29833333333333334 0.45166666666666666 0.035 0.030833333333333334
0 0.43083333333333335 0.39 0.04 0.049166666666666664
0 0.6166666666666667 0.5375 0.03666666666666667 0.035
0 0.2633333333333333 0.13583333333333333 0.0275 0.02
0 0.12083333333333333 0.5966666666666667 0.029166666666666667 0.025833333333333333
0 0.30833333333333335 0.5483333333333333 0.025833333333333333 0.035
0 0.5 0.44416666666666665 0.029166666666666667 0.030833333333333334
0 0.5516666666666666 0.145 0.035 0.030833333333333334
0 0.47 0.17416666666666666 0.030833333333333334 0.030833333333333334
0 0.45 0.20416666666666666 0.030833333333333334 0.0325
0 0.5041666666666667 0.47833333333333333 0.030833333333333334 0.025833333333333333
0 0.6566666666666666 0.5275 0.03666666666666667 0.0325
0 0.5891666666666666 0.5058333333333334 0.029166666666666667 0.029166666666666667
0 0.5533333333333333 0.5016666666666667 0.0325 0.0325
0 0.7116666666666667 0.4708333333333333 0.029166666666666667 0.029166666666666667
0 0.365 0.2783333333333333 0.029166666666666667 0.030833333333333334
0 0.5175 0.10833333333333334 0.035 0.030833333333333334