0 0.5733333333333334 0.5125 0.028333333333333332 0.0325
0 0.49583333333333335 0.42833333333333334 0.015833333333333335 0.021666666666666667
0 0.43916666666666665 0.41 0.018333333333333333 0.018333333333333333
0 0.4125 0.405 0.014166666666666666 0.010833333333333334
0 0.38333333333333336 0.395 0.014166666666666666 0.02
0 0.355 0.38333333333333336 0.014166666666666666 0.014166666666666666
0 0.095 0.3441666666666667 0.025 0.035833333333333335
0 0.10333333333333333 0.2975 0.034166666666666665 0.028333333333333332
0 0.05416666666666667 0.32166666666666666 0.025 0.030833333333333334
0 0.025 0.30666666666666664 0.025 0.03916666666666667
0 0.0375 0.2758333333333333 0.0325 0.028333333333333332
0 0.775 0.9366666666666666 0.030833333333333334 0.02666666666666667
0 0.45916666666666667 0.3466666666666667 0.014166666666666666 0.015833333333333335
0 0.43166666666666664 0.33 0.014166666666666666 0.014166666666666666
0 0.405 0.32 0.018333333333333333 0.02
0 0.5833333333333334 0.29833333333333334 0.0125 0.0125
0 0.6058333333333333 0.29583333333333334 0.010833333333333334 0.018333333333333333
0 0.59 0.28583333333333333 0.014166666666666666 0.015833333333333335
0 0.5291666666666667 0.25083333333333335 0.015833333333333335 0.018333333333333333
0 0.5183333333333333 0.23833333333333334 0.014166666666666666 0.010833333333333334
0 0.5375 0.23916666666666667 0.014166666666666666 0.015833333333333335
0 0.525 0.22583333333333333 0.014166666666666666 0.014166666666666666