0 0.32666666666666666 0.19666666666666666 0.0675 0.07166666666666667
0 0.4558333333333333 0.1925 0.03333333333333333 0.03666666666666667
0 0.515 0.18333333333333332 0.07666666666666666 0.07333333333333333
0 0.6058333333333333 0.17 0.055 0.07
0 0.7291666666666666 0.16666666666666666 0.051666666666666666 0.055
0 0.8216666666666667 0.15833333333333333 0.0425 0.049166666666666664
0 0.4325 0.4533333333333333 0.04416666666666667 0.05333333333333334
0 0.49416666666666664 0.615 0.0475 0.051666666666666666
0 0.04083333333333333 0.38666666666666666 0.03833333333333333 0.03333333333333333
0 0.6591666666666667 0.6033333333333334 0.04416666666666667 0.05333333333333334
0 0.8716666666666667 0.3575 0.07 0.06583333333333333
0 0.9708333333333333 0.415 0.055 0.0675
0 0.07166666666666667 0.68 0.029166666666666667 0.0275