0 0.050833333333333335 0.695 0.02 0.021666666666666667
0 0.4625 0.7041666666666667 0.0575 0.060833333333333336
0 0.5625 0.8183333333333334 0.04083333333333333 0.04583333333333333
0 0.64 0.8316666666666667 0.0375 0.03916666666666667
0 0.8308333333333333 0.7016666666666667 0.05416666666666667 0.0625
0 0.79 0.7058333333333333 0.035833333333333335 0.0375
0 0.4091666666666667 0.7033333333333334 0.0475 0.05583333333333333
0 0.3491666666666667 0.7833333333333333 0.0425 0.0525
0 0.41583333333333333 0.7816666666666666 0.04083333333333333 0.04583333333333333
0 0.9375 0.7433333333333333 0.034166666666666665 0.0375
0 0.9391666666666667 0.7758333333333334 0.0375 0.035833333333333335
0 0.14583333333333334 0.7433333333333333 0.035833333333333335 0.04083333333333333
0 0.26 0.7075 0.0375 0.0375
0 0.051666666666666666 0.7516666666666667 0.021666666666666667 0.023333333333333334
0 0.07583333333333334 0.7508333333333334 0.02 0.021666666666666667
0 0.09666666666666666 0.7508333333333334 0.023333333333333334 0.021666666666666667
0 0.5708333333333333 0.06583333333333333 0.05416666666666667 0.0475
0 0.2675 0.07416666666666667 0.0525 0.04416666666666667