0 0.8975 0.15666666666666668 0.0625 0.0525
0 0.8766666666666667 0.1325 0.050833333333333335 0.04583333333333333
0 0.8208333333333333 0.135 0.0475 0.05416666666666667
0 0.7741666666666667 0.135 0.04583333333333333 0.0575
0 0.7466666666666667 0.25 0.0675 0.06416666666666666
0 0.6141666666666666 0.2475 0.049166666666666664 0.04583333333333333
0 0.5325 0.26 0.0675 0.0675
0 0.4558333333333333 0.28 0.09083333333333334 0.105
0 0.3416666666666667 0.2991666666666667 0.12333333333333334 0.115
0 0.24166666666666667 0.2775 0.060833333333333336 0.0625
0 0.6208333333333333 0.4475 0.0625 0.0575
0 0.5041666666666667 0.4525 0.0625 0.05416666666666667
0 0.445 0.46 0.05583333333333333 0.05583333333333333
0 0.3858333333333333 0.46 0.05583333333333333 0.0525
0 0.325 0.5775 0.0525 0.05416666666666667
0 0.36583333333333334 0.6166666666666667 0.0525 0.0475
0 0.44916666666666666 0.6225 0.05416666666666667 0.0525
0 0.5083333333333333 0.62 0.05416666666666667 0.0575
0 0.8941666666666667 0.8916666666666667 0.0525 0.05416666666666667
0 0.8358333333333333 0.79 0.060833333333333336 0.07583333333333334
0 0.7666666666666667 0.8108333333333333 0.06416666666666666 0.0675
0 0.7675 0.875 0.05583333333333333 0.060833333333333336