0 0.805 0.7616666666666667 0.0375 0.03
0 0.8033333333333333 0.6858333333333333 0.041666666666666664 0.034166666666666665
0 0.19166666666666668 0.5366666666666666 0.034166666666666665 0.04
0 0.3516666666666667 0.5341666666666667 0.0475 0.056666666666666664
0 0.23 0.5325 0.0325 0.0375
0 0.2833333333333333 0.5258333333333334 0.043333333333333335 0.055
0 0.7958333333333333 0.5133333333333333 0.0225 0.0225
0 0.7908333333333334 0.4766666666666667 0.020833333333333332 0.020833333333333332
0 0.31083333333333335 0.9208333333333333 0.04583333333333333 0.05333333333333334
0 0.25166666666666665 0.9191666666666667 0.060833333333333336 0.0475
0 0.16416666666666666 0.9158333333333334 0.0325 0.043333333333333335
0 0.7758333333333334 0.9033333333333333 0.0325 0.02666666666666667
0 0.13583333333333333 0.9025 0.025 0.025
0 0.10166666666666667 0.8983333333333333 0.025 0.025