0 0.4875 0.15166666666666667 0.0275 0.025833333333333333
0 0.505 0.22083333333333333 0.04833333333333333 0.04666666666666667
0 0.5083333333333333 0.29083333333333333 0.051666666666666666 0.04833333333333333
0 0.43583333333333335 0.36916666666666664 0.051666666666666666 0.05333333333333334
0 0.2608333333333333 0.22166666666666668 0.051666666666666666 0.04833333333333333
0 0.2608333333333333 0.2833333333333333 0.051666666666666666 0.051666666666666666
0 0.37 0.2816666666666667 0.04833333333333333 0.045
0 0.37 0.35333333333333333 0.051666666666666666 0.04833333333333333
0 0.26 0.35 0.05333333333333334 0.04666666666666667
0 0.028333333333333332 0.36583333333333334 0.05333333333333334 0.06416666666666666
0 0.029166666666666667 0.30333333333333334 0.051666666666666666 0.06416666666666666
0 0.13166666666666665 0.315 0.055 0.04833333333333333
0 0.12833333333333333 0.3641666666666667 0.051666666666666666 0.043333333333333335
0 0.12166666666666667 0.5683333333333334 0.04666666666666667 0.05
0 0.024166666666666666 0.5858333333333333 0.045 0.043333333333333335
0 0.6108333333333333 0.235 0.041666666666666664 0.03833333333333333
0 0.6116666666666667 0.2866666666666667 0.05333333333333334 0.04666666666666667
0 0.505 0.3625 0.04833333333333333 0.04666666666666667
0 0.5075 0.4225 0.043333333333333335 0.03833333333333333
0 0.37 0.42833333333333334 0.051666666666666666 0.04666666666666667
0 0.2633333333333333 0.4141666666666667 0.04833333333333333 0.03666666666666667
0 0.2608333333333333 0.4825 0.051666666666666666 0.041666666666666664
0 0.3725 0.485 0.05333333333333334 0.04666666666666667
0 0.37166666666666665 0.5366666666666666 0.04833333333333333 0.051666666666666666
0 0.3725 0.5858333333333333 0.04666666666666667 0.04666666666666667
0 0.5041666666666667 0.54 0.05333333333333334 0.051666666666666666
0 0.4375 0.5883333333333334 0.045 0.04833333333333333
0 0.07333333333333333 0.6525 0.04666666666666667 0.055
0 0.024166666666666666 0.6533333333333333 0.045 0.0575
0 0.25416666666666665 0.5375 0.04833333333333333 0.05
0 0.2575 0.5883333333333334 0.04833333333333333 0.045
0 0.25916666666666666 0.6375 0.03833333333333333 0.03666666666666667
0 0.36916666666666664 0.6366666666666667 0.043333333333333335 0.03833333333333333
0 0.6658333333333334 0.6325 0.04833333333333333 0.0575
0 0.8091666666666667 0.9183333333333333 0.0325 0.024166666666666666
0 0.6058333333333333 0.6366666666666667 0.04833333333333333 0.045
0 0.7208333333333333 0.645 0.025833333333333333 0.035
0 0.6116666666666667 0.4866666666666667 0.05 0.04666666666666667
0 0.61 0.3858333333333333 0.04666666666666667 0.045
0 0.6108333333333333 0.3358333333333333 0.055 0.04833333333333333
0 0.61 0.5366666666666666 0.04666666666666667 0.045
0 0.6075 0.5883333333333334 0.055 0.051666666666666666
0 0.9075 0.58 0.025833333333333333 0.0275
0 0.8708333333333333 0.5775 0.025833333333333333 0.030833333333333334
0 0.8366666666666667 0.58 0.0225 0.030833333333333334
0 0.9483333333333334 0.20416666666666666 0.0275 0.030833333333333334
0 0.9183333333333333 0.2175 0.0275 0.025833333333333333
0 0.8041666666666667 0.5808333333333333 0.020833333333333332 0.029166666666666667
0 0.77 0.5825 0.024166666666666666 0.03666666666666667
0 0.7775 0.5283333333333333 0.0325 0.029166666666666667
0 0.7716666666666666 0.48583333333333334 0.0275 0.0275
0 0.7733333333333333 0.4575 0.024166666666666666 0.029166666666666667
0 0.7833333333333333 0.42333333333333334 0.024166666666666666 0.025833333333333333
0 0.89 0.2175 0.025833333333333333 0.0325
0 0.8566666666666667 0.215 0.0275 0.029166666666666667
0 0.7716666666666666 0.25 0.0275 0.029166666666666667
0 0.7708333333333334 0.2866666666666667 0.043333333333333335 0.03666666666666667