0 0.6883333333333334 0.2 0.024166666666666666 0.024166666666666666
0 0.36333333333333334 0.2275 0.02 0.025833333333333333
0 0.6575 0.3225 0.0175 0.021666666666666667
0 0.6283333333333333 0.4025 0.03333333333333333 0.03166666666666667
0 0.6358333333333334 0.4425 0.03333333333333333 0.035833333333333335
0 0.6808333333333333 0.5158333333333334 0.024166666666666666 0.024166666666666666
0 0.7458333333333333 0.5741666666666667 0.0275 0.03333333333333333
0 0.7141666666666666 0.6308333333333334 0.024166666666666666 0.0275
0 0.7391666666666666 0.66 0.03 0.03333333333333333
0 0.5533333333333333 0.7391666666666666 0.0275 0.03
0 0.91 0.08166666666666667 0.025833333333333333 0.03166666666666667
0 0.865 0.9425 0.0275 0.03166666666666667
0 0.4775 0.10083333333333333 0.0175 0.024166666666666666
0 0.5225 0.10416666666666667 0.03333333333333333 0.0375