0 0.9883333333333333 0.85 0.0225 0.03
0 0.9766666666666667 0.7625 0.020833333333333332 0.025
0 0.96 0.63 0.0225 0.028333333333333332
0 0.95 0.5416666666666666 0.020833333333333332 0.03
0 0.9375 0.43333333333333335 0.02666666666666667 0.03
0 0.91 0.3475 0.028333333333333332 0.028333333333333332
0 0.8275 0.36666666666666664 0.0375 0.043333333333333335
0 0.7358333333333333 0.2658333333333333 0.043333333333333335 0.043333333333333335
0 0.7341666666666666 0.215 0.0325 0.028333333333333332
0 0.6533333333333333 0.225 0.03 0.02666666666666667
0 0.7233333333333334 0.3225 0.0375 0.043333333333333335
0 0.49916666666666665 0.20333333333333334 0.0475 0.035833333333333335
0 0.515 0.13833333333333334 0.02666666666666667 0.02666666666666667
0 0.535 0.115 0.0325 0.028333333333333332
0 0.5666666666666667 0.08416666666666667 0.034166666666666665 0.035833333333333335
0 0.6266666666666667 0.03916666666666667 0.034166666666666665 0.04
0 0.1875 0.09 0.03 0.035833333333333335
0 0.22416666666666665 0.10416666666666667 0.028333333333333332 0.0375
0 0.29833333333333334 0.14333333333333334 0.028333333333333332 0.0325
0 0.32166666666666666 0.16 0.0225 0.028333333333333332
0 0.3358333333333333 0.1875 0.020833333333333332 0.02666666666666667
0 0.35333333333333333 0.2225 0.035833333333333335 0.035833333333333335
0 0.36 0.29833333333333334 0.03 0.025
0 0.3641666666666667 0.3416666666666667 0.028333333333333332 0.028333333333333332
0 0.37 0.385 0.028333333333333332 0.020833333333333332
0 0.37666666666666665 0.4425 0.02666666666666667 0.020833333333333332
0 0.38416666666666666 0.48833333333333334 0.02666666666666667 0.0225
0 0.51 0.2575 0.0325 0.02666666666666667
0 0.5125 0.2966666666666667 0.028333333333333332 0.025
0 0.5158333333333334 0.3416666666666667 0.04 0.0325
0 0.5391666666666667 0.6416666666666667 0.028333333333333332 0.02666666666666667
0 0.5616666666666666 0.7416666666666667 0.04 0.043333333333333335
0 0.5633333333333334 0.7783333333333333 0.028333333333333332 0.0225
0 0.5666666666666667 0.8166666666666667 0.034166666666666665 0.0225
0 0.6541666666666667 0.7291666666666666 0.04 0.041666666666666664
0 0.7316666666666667 0.81 0.025 0.028333333333333332
0 0.585 0.9816666666666667 0.04583333333333333 0.035833333333333335
0 0.43916666666666665 0.9841666666666666 0.02666666666666667 0.028333333333333332
0 0.3308333333333333 0.8325 0.028333333333333332 0.020833333333333332
0 0.385 0.675 0.0325 0.025
0 0.425 0.7066666666666667 0.025 0.02666666666666667
0 0.425 0.7958333333333333 0.04 0.034166666666666665
0 0.37666666666666665 0.8125 0.019166666666666665 0.02666666666666667
0 0.24916666666666668 0.5133333333333333 0.035833333333333335 0.034166666666666665
0 0.185 0.5616666666666666 0.025 0.028333333333333332
0 0.20916666666666667 0.33166666666666667 0.025 0.0225
0 0.145 0.3383333333333333 0.035833333333333335 0.0475