0 0.9241666666666667 0.5633333333333334 0.06166666666666667 0.07583333333333334
0 0.9483333333333334 0.8041666666666667 0.07083333333333333 0.0725
0 0.8241666666666667 0.6933333333333334 0.058333333333333334 0.085
0 0.7566666666666667 0.6741666666666667 0.05583333333333333 0.0475
0 0.6608333333333334 0.565 0.058333333333333334 0.08
0 0.55 0.6325 0.0525 0.058333333333333334
0 0.5475 0.44083333333333335 0.0475 0.045
0 0.4875 0.4125 0.05416666666666667 0.0525
0 0.42916666666666664 0.3775 0.050833333333333335 0.05583333333333333
0 0.3225 0.315 0.05416666666666667 0.06166666666666667
0 0.26416666666666666 0.285 0.05416666666666667 0.05583333333333333
0 0.4191666666666667 0.49416666666666664 0.0525 0.05416666666666667
0 0.2175 0.385 0.05416666666666667 0.0525
0 0.3958333333333333 0.6366666666666667 0.05583333333333333 0.05583333333333333
0 0.3466666666666667 0.6066666666666667 0.0525 0.058333333333333334
0 0.2941666666666667 0.575 0.0525 0.05583333333333333
0 0.24333333333333335 0.5508333333333333 0.0525 0.06166666666666667
0 0.09083333333333334 0.4683333333333333 0.050833333333333335 0.06333333333333334
0 0.041666666666666664 0.44 0.05416666666666667 0.06166666666666667