0 0.5916666666666667 0.17 0.0475 0.04583333333333333
0 0.5108333333333334 0.24583333333333332 0.0575 0.051666666666666666
0 0.5516666666666666 0.30333333333333334 0.05583333333333333 0.059166666666666666
0 0.605 0.2833333333333333 0.0475 0.0475
0 0.05333333333333334 0.43833333333333335 0.05583333333333333 0.051666666666666666
0 0.25666666666666665 0.5116666666666667 0.04583333333333333 0.051666666666666666
0 0.08 0.5625 0.041666666666666664 0.0375
0 0.10916666666666666 0.6283333333333333 0.06333333333333334 0.06166666666666667
0 0.15083333333333335 0.6908333333333333 0.08333333333333333 0.08333333333333333
0 0.1925 0.7816666666666666 0.095 0.10333333333333333
0 0.31916666666666665 0.715 0.043333333333333335 0.04583333333333333
0 0.30583333333333335 0.6616666666666666 0.0475 0.05
0 0.28833333333333333 0.6125 0.041666666666666664 0.05
0 0.43333333333333335 0.5683333333333334 0.05 0.041666666666666664
0 0.44916666666666666 0.6208333333333333 0.05 0.043333333333333335
0 0.4633333333333333 0.7 0.0375 0.04
0 0.43833333333333335 0.7441666666666666 0.0475 0.035833333333333335
0 0.18916666666666668 0.88 0.05333333333333334 0.05333333333333334