0 0.16416666666666666 0.1625 0.0175 0.015833333333333335
0 0.20083333333333334 0.20083333333333334 0.0175 0.021666666666666667
0 0.25166666666666665 0.06416666666666666 0.019166666666666665 0.019166666666666665
0 0.28 0.06333333333333334 0.0175 0.021666666666666667
0 0.30833333333333335 0.060833333333333336 0.019166666666666665 0.025
0 0.3375 0.05583333333333333 0.019166666666666665 0.023333333333333334
0 0.4683333333333333 0.03666666666666667 0.029166666666666667 0.035
0 0.655 0.018333333333333333 0.015833333333333335 0.021666666666666667
0 0.6833333333333333 0.015833333333333335 0.0175 0.023333333333333334
0 0.44166666666666665 0.23083333333333333 0.030833333333333334 0.035
0 0.315 0.24416666666666667 0.029166666666666667 0.035
0 0.145 0.71 0.019166666666666665 0.021666666666666667
0 0.1625 0.655 0.015833333333333335 0.023333333333333334
0 0.2783333333333333 0.5716666666666667 0.029166666666666667 0.035
0 0.37416666666666665 0.25 0.019166666666666665 0.019166666666666665
0 0.5008333333333334 0.27416666666666667 0.0175 0.0175
0 0.5108333333333334 0.25 0.021666666666666667 0.019166666666666665
0 0.6583333333333333 0.19416666666666665 0.0175 0.023333333333333334
0 0.715 0.18583333333333332 0.015833333333333335 0.023333333333333334
0 0.7933333333333333 0.255 0.021666666666666667 0.025
0 0.8058333333333333 0.23 0.019166666666666665 0.0175
0 0.7966666666666666 0.18 0.019166666666666665 0.015833333333333335
0 0.805 0.2025 0.021666666666666667 0.021666666666666667
0 0.8475 0.25583333333333336 0.03666666666666667 0.03916666666666667
0 0.8941666666666667 0.20416666666666666 0.021666666666666667 0.021666666666666667
0 0.7608333333333334 0.39916666666666667 0.04416666666666667 0.058333333333333334
0 0.8225 0.44 0.03333333333333333 0.035
0 0.7908333333333334 0.5158333333333334 0.0275 0.035
0 0.8258333333333333 0.5158333333333334 0.030833333333333334 0.035
0 0.7741666666666667 0.6066666666666667 0.03333333333333333 0.035
0 0.7366666666666667 0.6116666666666667 0.019166666666666665 0.025
0 0.7025 0.6233333333333333 0.029166666666666667 0.03666666666666667
0 0.6708333333333333 0.6316666666666667 0.019166666666666665 0.019166666666666665
0 0.6408333333333334 0.62 0.03666666666666667 0.0425
0 0.6233333333333333 0.6 0.021666666666666667 0.0175
0 0.55 0.6483333333333333 0.019166666666666665 0.0175
0 0.5283333333333333 0.5958333333333333 0.021666666666666667 0.0175
0 0.555 0.5583333333333333 0.0175 0.015833333333333335
0 0.5541666666666667 0.5416666666666666 0.019166666666666665 0.021666666666666667
0 0.8925 0.7716666666666666 0.04083333333333333 0.03916666666666667
0 0.8075 0.8266666666666667 0.029166666666666667 0.021666666666666667
0 0.8175 0.8858333333333334 0.019166666666666665 0.019166666666666665
0 0.8591666666666666 0.9775 0.025 0.029166666666666667