0 0.055 0.18666666666666668 0.10916666666666666 0.14
0 0.20666666666666667 0.02666666666666667 0.08083333333333333 0.05
0 0.26916666666666667 0.06333333333333334 0.075 0.07333333333333333
0 0.23083333333333333 0.1825 0.115 0.12916666666666668
0 0.3383333333333333 0.21666666666666667 0.1 0.09666666666666666
0 0.26416666666666666 0.3233333333333333 0.08416666666666667 0.095
0 0.3416666666666667 0.4191666666666667 0.07333333333333333 0.06833333333333333
0 0.36666666666666664 0.3308333333333333 0.09166666666666666 0.095
0 0.44 0.30083333333333334 0.1125 0.10416666666666667
0 0.5233333333333333 0.3566666666666667 0.12916666666666668 0.12916666666666668
0 0.42083333333333334 0.4083333333333333 0.1 0.10416666666666667
0 0.44333333333333336 0.5191666666666667 0.06666666666666667 0.06666666666666667
0 0.5183333333333333 0.47833333333333333 0.11833333333333333 0.1
0 0.6758333333333333 0.5083333333333333 0.11083333333333334 0.13416666666666666
0 0.7466666666666667 0.575 0.09166666666666666 0.1
0 0.6291666666666667 0.6116666666666667 0.07166666666666667 0.051666666666666666
0 0.5591666666666667 0.6358333333333334 0.06833333333333333 0.043333333333333335
0 0.575 0.5516666666666666 0.09333333333333334 0.07916666666666666
0 0.6208333333333333 0.6933333333333334 0.04833333333333333 0.035833333333333335
0 0.665 0.7275 0.04666666666666667 0.03916666666666667
0 0.7041666666666667 0.7641666666666667 0.06833333333333333 0.04083333333333333
0 0.71 0.6791666666666667 0.075 0.05
0 0.8225 0.6566666666666666 0.09333333333333334 0.09833333333333333
0 0.8925 0.705 0.06416666666666666 0.05583333333333333
0 0.7791666666666667 0.8183333333333334 0.075 0.06666666666666667
0 0.8466666666666667 0.8883333333333333 0.09833333333333333 0.07666666666666666
0 0.8941666666666667 0.935 0.0825 0.0625
0 0.9658333333333333 0.8891666666666667 0.043333333333333335 0.03916666666666667
0 0.8825 0.7766666666666666 0.10583333333333333 0.09166666666666666
0 0.9533333333333334 0.7908333333333334 0.03916666666666667 0.0375
0 0.9508333333333333 0.8366666666666667 0.05583333333333333 0.05
0 0.955 0.9475 0.04666666666666667 0.0375
0 0.5108333333333334 0.5941666666666666 0.04666666666666667 0.034166666666666665