0 0.145 0.5066666666666667 0.05416666666666667 0.04083333333333333
0 0.16 0.45416666666666666 0.04833333333333333 0.04083333333333333
0 0.17666666666666667 0.41 0.05 0.04083333333333333
0 0.25 0.31333333333333335 0.0425 0.03666666666666667
0 0.1375 0.285 0.030833333333333334 0.030833333333333334
0 0.08916666666666667 0.26 0.04666666666666667 0.04666666666666667
0 0.043333333333333335 0.25 0.04083333333333333 0.0425
0 0.004166666666666667 0.15666666666666668 0.0075 0.030833333333333334
0 0.10666666666666667 0.08333333333333333 0.0425 0.0425
0 0.12083333333333333 0.024166666666666666 0.04833333333333333 0.04416666666666667
0 0.1475 0.16583333333333333 0.04666666666666667 0.04833333333333333
0 0.1925 0.17916666666666667 0.04416666666666667 0.04833333333333333
0 0.2425 0.12333333333333334 0.05 0.04416666666666667
0 0.37583333333333335 0.22833333333333333 0.03916666666666667 0.0425
0 0.28 0.32916666666666666 0.025 0.0275
0 0.2975 0.3175 0.021666666666666667 0.0275
0 0.37 0.3491666666666667 0.0425 0.03916666666666667
0 0.45666666666666667 0.7383333333333333 0.0525 0.0425
0 0.4716666666666667 0.6958333333333333 0.04833333333333333 0.03916666666666667
0 0.5008333333333334 0.5933333333333334 0.05583333333333333 0.0425
0 0.5358333333333334 0.48333333333333334 0.0525 0.04083333333333333
0 0.5525 0.4216666666666667 0.05 0.04833333333333333
0 0.5708333333333333 0.32916666666666666 0.03666666666666667 0.030833333333333334
0 0.6225 0.5441666666666667 0.019166666666666665 0.015833333333333335
0 0.6 0.5516666666666666 0.025 0.021666666666666667
0 0.5933333333333334 0.5725 0.023333333333333334 0.021666666666666667
0 0.6108333333333333 0.5916666666666667 0.0275 0.021666666666666667
0 0.5825 0.5941666666666666 0.025 0.021666666666666667
0 0.575 0.6191666666666666 0.025 0.0175
0 0.5725 0.6416666666666667 0.029166666666666667 0.023333333333333334
0 0.5758333333333333 0.6783333333333333 0.05416666666666667 0.0425
0 0.6808333333333333 0.6641666666666667 0.0525 0.04083333333333333
0 0.7 0.6325 0.023333333333333334 0.021666666666666667
0 0.6841666666666667 0.6191666666666666 0.019166666666666665 0.021666666666666667
0 0.69 0.5958333333333333 0.0275 0.021666666666666667
0 0.7075 0.6125 0.023333333333333334 0.023333333333333334
0 0.7 0.57 0.0275 0.023333333333333334
0 0.7166666666666667 0.59 0.023333333333333334 0.021666666666666667