0 0.8041666666666667 0.5108333333333334 0.035833333333333335 0.041666666666666664
0 0.7741666666666667 0.45916666666666667 0.035833333333333335 0.04583333333333333
0 0.6883333333333334 0.37833333333333335 0.04416666666666667 0.04833333333333333
0 0.5883333333333334 0.37666666666666665 0.04 0.058333333333333334
0 0.5166666666666667 0.5658333333333333 0.034166666666666665 0.05583333333333333
0 0.4216666666666667 0.19583333333333333 0.04 0.04
0 0.33916666666666667 0.085 0.04583333333333333 0.041666666666666664
0 0.3441666666666667 0.7216666666666667 0.04416666666666667 0.035833333333333335
0 0.37583333333333335 0.7791666666666667 0.04 0.03833333333333333
0 0.265 0.89 0.04583333333333333 0.04
0 0.19083333333333333 0.9816666666666667 0.04583333333333333 0.035833333333333335
0 0.23583333333333334 0.85 0.04416666666666667 0.04416666666666667
0 0.21166666666666667 0.8108333333333333 0.04416666666666667 0.041666666666666664
0 0.16916666666666666 0.9433333333333334 0.03833333333333333 0.041666666666666664
0 0.4141666666666667 0.8366666666666667 0.04416666666666667 0.041666666666666664