0 0.006666666666666667 0.7041666666666667 0.0125 0.04583333333333333
0 0.011666666666666667 0.6158333333333333 0.023333333333333334 0.03166666666666667
0 0.01 0.23416666666666666 0.02 0.029166666666666667
0 0.025833333333333333 0.20916666666666667 0.03333333333333333 0.0275
0 0.16666666666666666 0.13666666666666666 0.0275 0.029166666666666667
0 0.20333333333333334 0.0725 0.03333333333333333 0.03166666666666667
0 0.55 0.043333333333333335 0.03666666666666667 0.04583333333333333
0 0.6866666666666666 0.02666666666666667 0.03666666666666667 0.0425
0 0.7383333333333333 0.0275 0.04833333333333333 0.051666666666666666
0 0.7875 0.04083333333333333 0.03666666666666667 0.051666666666666666
0 0.9775 0.03333333333333333 0.04083333333333333 0.0625
0 0.8941666666666667 0.1325 0.035 0.03333333333333333
0 0.9575 0.2175 0.0625 0.06666666666666667
0 0.9708333333333333 0.5025 0.04416666666666667 0.035
0 0.9075 0.615 0.04083333333333333 0.035
0 0.8875 0.7183333333333334 0.051666666666666666 0.0425
0 0.9825 0.7383333333333333 0.03166666666666667 0.04416666666666667
0 0.8333333333333334 0.9641666666666666 0.05333333333333334 0.03833333333333333
0 0.17583333333333334 0.7766666666666666 0.024166666666666666 0.029166666666666667