0 0.0575 0.6883333333333334 0.025 0.04
0 0.065 0.6083333333333333 0.028333333333333332 0.025
0 0.015 0.5458333333333333 0.03 0.021666666666666667
0 0.011666666666666667 0.4 0.023333333333333334 0.021666666666666667
0 0.06416666666666666 0.2608333333333333 0.02666666666666667 0.025
0 0.08416666666666667 0.2375 0.03 0.025
0 0.2125 0.17083333333333334 0.025 0.02666666666666667
0 0.245 0.11333333333333333 0.03 0.028333333333333332
0 0.020833333333333332 0.0275 0.041666666666666664 0.051666666666666666
0 0.10833333333333334 0.0175 0.058333333333333334 0.03166666666666667
0 0.645 0.0175 0.055 0.03166666666666667
0 0.56 0.08666666666666667 0.03333333333333333 0.041666666666666664
0 0.6841666666666667 0.07166666666666667 0.03333333333333333 0.03833333333333333
0 0.7308333333333333 0.06666666666666667 0.041666666666666664 0.058333333333333334
0 0.7766666666666666 0.08416666666666667 0.03333333333333333 0.04666666666666667
0 0.9591666666666666 0.07333333333333333 0.055 0.06583333333333333
0 0.8733333333333333 0.1675 0.03166666666666667 0.03
0 0.9308333333333333 0.245 0.056666666666666664 0.06
0 0.9433333333333334 0.5041666666666667 0.04 0.03166666666666667
0 0.8858333333333334 0.6066666666666667 0.03666666666666667 0.03166666666666667
0 0.8675 0.7008333333333333 0.04666666666666667 0.03833333333333333
0 0.9591666666666666 0.7191666666666666 0.03833333333333333 0.03833333333333333
0 0.8183333333333334 0.9233333333333333 0.04833333333333333 0.035
0 0.22083333333333333 0.7533333333333333 0.021666666666666667 0.02666666666666667