0 0.42833333333333334 0.051666666666666666 0.0325 0.030833333333333334
0 0.7483333333333333 0.37416666666666665 0.0325 0.0325
0 0.4716666666666667 0.38416666666666666 0.029166666666666667 0.035
0 0.7508333333333334 0.5475 0.035 0.04
0 0.7083333333333334 0.5466666666666666 0.03666666666666667 0.045
0 0.5683333333333334 0.5425 0.03666666666666667 0.043333333333333335
0 0.5291666666666667 0.5433333333333333 0.035 0.041666666666666664
0 0.49 0.5458333333333333 0.035 0.04
0 0.44416666666666665 0.5483333333333333 0.03666666666666667 0.045
0 0.4025 0.5491666666666667 0.03666666666666667 0.043333333333333335
0 0.3625 0.5508333333333333 0.03666666666666667 0.04
0 0.16916666666666666 0.515 0.030833333333333334 0.0325
0 0.255 0.5 0.03666666666666667 0.030833333333333334
0 0.25166666666666665 0.45916666666666667 0.03666666666666667 0.04
0 0.25 0.415 0.0325 0.030833333333333334
0 0.2575 0.5825 0.035 0.03666666666666667
0 0.2625 0.6325 0.0325 0.029166666666666667
0 0.2658333333333333 0.7125 0.0325 0.035