0 0.024166666666666666 0.04583333333333333 0.035833333333333335 0.04083333333333333
0 0.09 0.04416666666666667 0.023333333333333334 0.030833333333333334
0 0.18416666666666667 0.015 0.03916666666666667 0.0275
0 0.2758333333333333 0.06666666666666667 0.021666666666666667 0.021666666666666667
0 0.3175 0.051666666666666666 0.018333333333333333 0.021666666666666667
0 0.3975 0.08 0.018333333333333333 0.02
0 0.44 0.07916666666666666 0.018333333333333333 0.021666666666666667
0 0.7033333333333334 0.09833333333333333 0.030833333333333334 0.034166666666666665
0 0.7508333333333334 0.10083333333333333 0.034166666666666665 0.0425
0 0.8016666666666666 0.10083333333333333 0.030833333333333334 0.035833333333333335
0 0.8641666666666666 0.115 0.02 0.023333333333333334
0 0.8958333333333334 0.1175 0.021666666666666667 0.025833333333333333
0 0.94 0.73 0.029166666666666667 0.029166666666666667
0 0.9466666666666667 0.7858333333333334 0.018333333333333333 0.025833333333333333
0 0.9216666666666666 0.7833333333333333 0.023333333333333334 0.0275
0 0.895 0.7833333333333333 0.02 0.023333333333333334
0 0.8858333333333334 0.8258333333333333 0.021666666666666667 0.02
0 0.7475 0.7133333333333334 0.0375 0.04416666666666667
0 0.6966666666666667 0.7116666666666667 0.034166666666666665 0.0375
0 0.6458333333333334 0.71 0.0275 0.0275
0 0.7508333333333334 0.8191666666666667 0.04083333333333333 0.049166666666666664
0 0.6641666666666667 0.8108333333333333 0.0375 0.03916666666666667
0 0.6183333333333333 0.8083333333333333 0.034166666666666665 0.04083333333333333
0 0.3858333333333333 0.7566666666666667 0.015 0.015
0 0.4175 0.7541666666666667 0.018333333333333333 0.02
0 0.41333333333333333 0.81 0.02 0.023333333333333334
0 0.4875 0.8258333333333333 0.011666666666666667 0.013333333333333334
0 0.38 0.8616666666666667 0.02 0.025833333333333333
0 0.32166666666666666 0.8608333333333333 0.02 0.02
0 0.23583333333333334 0.7191666666666666 0.0375 0.03916666666666667
0 0.19666666666666666 0.7191666666666666 0.034166666666666665 0.035833333333333335
0 0.14416666666666667 0.7866666666666666 0.030833333333333334 0.034166666666666665
0 0.09 0.8075 0.0375 0.03916666666666667
0 0.0475 0.8016666666666666 0.0375 0.0375
0 0.013333333333333334 0.8058333333333333 0.02 0.029166666666666667
0 0.17 0.43583333333333335 0.04583333333333333 0.04083333333333333