0 0.2175 0.24583333333333332 0.0475 0.043333333333333335
0 0.3283333333333333 0.255 0.035833333333333335 0.034166666666666665
0 0.08666666666666667 0.2725 0.051666666666666666 0.043333333333333335
0 0.39666666666666667 0.2833333333333333 0.055 0.049166666666666664
0 0.056666666666666664 0.31166666666666665 0.02666666666666667 0.02666666666666667
0 0.5241666666666667 0.3283333333333333 0.035833333333333335 0.028333333333333332
0 0.4191666666666667 0.4075 0.028333333333333332 0.025
0 0.7275 0.41083333333333333 0.028333333333333332 0.019166666666666665
0 0.5133333333333333 0.43833333333333335 0.034166666666666665 0.025
0 0.49916666666666665 0.4841666666666667 0.028333333333333332 0.025
0 0.9675 0.49416666666666664 0.034166666666666665 0.02666666666666667
0 0.7641666666666667 0.5083333333333333 0.041666666666666664 0.043333333333333335
0 0.93 0.5191666666666667 0.034166666666666665 0.0225
0 0.6341666666666667 0.5558333333333333 0.04 0.043333333333333335
0 0.7308333333333333 0.5633333333333334 0.020833333333333332 0.025
0 0.9858333333333333 0.5633333333333334 0.025 0.03
0 0.5391666666666667 0.5658333333333333 0.0325 0.025
0 0.5933333333333334 0.5933333333333334 0.0225 0.02666666666666667
0 0.8441666666666666 0.5991666666666666 0.049166666666666664 0.041666666666666664
0 0.9433333333333334 0.6483333333333333 0.030833333333333334 0.0225
0 0.8808333333333334 0.7016666666666667 0.025 0.0225
0 0.88 0.7491666666666666 0.019166666666666665 0.0225
0 0.9041666666666667 0.7608333333333334 0.020833333333333332 0.019166666666666665
0 0.034166666666666665 0.075 0.030833333333333334 0.025
0 0.10166666666666667 0.13916666666666666 0.025 0.0225
0 0.15333333333333332 0.14583333333333334 0.025 0.028333333333333332