0 0.4225 0.6558333333333334 0.04583333333333333 0.035
0 0.18916666666666668 0.5158333333333334 0.035 0.035
0 0.41333333333333333 0.425 0.035 0.0325
0 0.5883333333333334 0.385 0.056666666666666664 0.06166666666666667
0 0.38416666666666666 0.030833333333333334 0.035 0.029166666666666667
0 0.3875 0.06833333333333333 0.030833333333333334 0.030833333333333334
0 0.7775 0.48083333333333333 0.04416666666666667 0.04583333333333333
0 0.8758333333333334 0.6083333333333333 0.0325 0.03833333333333333
0 0.97 0.7375 0.0275 0.03666666666666667
0 0.7883333333333333 0.7041666666666667 0.029166666666666667 0.029166666666666667
0 0.6966666666666667 0.5616666666666666 0.029166666666666667 0.0325
0 0.735 0.5175 0.029166666666666667 0.03833333333333333
0 0.6725 0.5041666666666667 0.035 0.030833333333333334
0 0.54 0.4425 0.04 0.049166666666666664
0 0.3541666666666667 0.59 0.03666666666666667 0.035
0 0.7075 0.18916666666666668 0.0275 0.02
0 0.85 0.65 0.029166666666666667 0.025833333333333333
0 0.6625 0.6016666666666667 0.025833333333333333 0.035
0 0.4708333333333333 0.4975 0.029166666666666667 0.030833333333333334
0 0.4191666666666667 0.19833333333333333 0.035 0.030833333333333334
0 0.5008333333333334 0.2275 0.030833333333333334 0.030833333333333334
0 0.5208333333333334 0.2575 0.030833333333333334 0.0325
0 0.4658333333333333 0.5308333333333334 0.030833333333333334 0.025833333333333333
0 0.31416666666666665 0.58 0.03666666666666667 0.0325
0 0.38166666666666665 0.5583333333333333 0.029166666666666667 0.029166666666666667
0 0.4175 0.555 0.0325 0.0325
0 0.25916666666666666 0.5233333333333333 0.029166666666666667 0.029166666666666667
0 0.6058333333333333 0.3308333333333333 0.029166666666666667 0.030833333333333334
0 0.4533333333333333 0.16166666666666665 0.035 0.030833333333333334