0 0.95 0.46416666666666667 0.09666666666666666 0.15166666666666667
0 0.9666666666666667 0.6141666666666666 0.06333333333333334 0.15833333333333333
0 0.7008333333333333 0.5933333333333334 0.09083333333333334 0.08083333333333333
0 0.98 0.9133333333333333 0.03916666666666667 0.07833333333333334
0 0.9125 0.9083333333333333 0.09666666666666666 0.08833333333333333
0 0.8433333333333334 0.9666666666666667 0.08833333333333333 0.06333333333333334
0 0.3075 0.79 0.06333333333333334 0.0925
0 0.25 0.6216666666666667 0.06666666666666667 0.09833333333333333
0 0.22916666666666666 0.5066666666666667 0.0575 0.08083333333333333
0 0.19916666666666666 0.4216666666666667 0.07083333333333333 0.1025
0 0.175 0.33 0.07083333333333333 0.08833333333333333
0 0.14333333333333334 0.21416666666666667 0.07833333333333334 0.1025
0 0.31166666666666665 0.9733333333333334 0.0725 0.049166666666666664
0 0.0975 0.83 0.085 0.1