0 0.09333333333333334 0.23166666666666666 0.13833333333333334 0.14166666666666666
0 0.26416666666666666 0.05333333333333334 0.08083333333333333 0.0775
0 0.3283333333333333 0.10416666666666667 0.0775 0.07583333333333334
0 0.29 0.22666666666666666 0.11833333333333333 0.1325
0 0.4 0.26166666666666666 0.10333333333333333 0.1
0 0.32416666666666666 0.37166666666666665 0.08666666666666667 0.0975
0 0.4033333333333333 0.4708333333333333 0.07583333333333334 0.07
0 0.42916666666666664 0.37916666666666665 0.09416666666666666 0.0975
0 0.505 0.34833333333333333 0.11583333333333333 0.10666666666666667
0 0.59 0.4058333333333333 0.1325 0.1325
0 0.485 0.45916666666666667 0.10333333333333333 0.10666666666666667
0 0.5083333333333333 0.5725 0.06833333333333333 0.06833333333333333
0 0.585 0.5316666666666666 0.12166666666666667 0.10333333333333333
0 0.7475 0.5616666666666666 0.11416666666666667 0.13833333333333334
0 0.82 0.6308333333333334 0.09416666666666666 0.10333333333333333
0 0.6991666666666667 0.6691666666666667 0.07416666666666667 0.05333333333333334
0 0.6275 0.6933333333333334 0.07 0.04416666666666667
0 0.6441666666666667 0.6066666666666667 0.09583333333333334 0.08083333333333333
0 0.6908333333333333 0.7525 0.05 0.03666666666666667
0 0.7358333333333333 0.7875 0.04833333333333333 0.04083333333333333
0 0.7766666666666666 0.8258333333333333 0.07 0.0425
0 0.7825 0.7383333333333333 0.0775 0.051666666666666666
0 0.8983333333333333 0.715 0.09583333333333334 0.10166666666666667
0 0.9675 0.7641666666666667 0.060833333333333336 0.059166666666666666
0 0.8541666666666666 0.8808333333333334 0.0775 0.06833333333333333
0 0.9233333333333333 0.9533333333333334 0.10166666666666667 0.07916666666666666
0 0.965 0.9825 0.07 0.03166666666666667
0 0.9516666666666667 0.8375 0.0925 0.09583333333333334
0 0.5775 0.65 0.04833333333333333 0.035