0 0.06 0.5525 0.029166666666666667 0.04
0 0.0425 0.6166666666666667 0.034166666666666665 0.030833333333333334
0 0.0475 0.6533333333333333 0.025 0.0275
0 0.44416666666666665 0.5225 0.025 0.023333333333333334
0 0.3958333333333333 0.575 0.030833333333333334 0.030833333333333334
0 0.31166666666666665 0.48583333333333334 0.029166666666666667 0.0325
0 0.3425 0.4791666666666667 0.029166666666666667 0.030833333333333334
0 0.39916666666666667 0.5133333333333333 0.0275 0.0275
0 0.0175 0.655 0.023333333333333334 0.02
0 0.5891666666666666 0.5033333333333333 0.021666666666666667 0.021666666666666667
0 0.6283333333333333 0.5016666666666667 0.021666666666666667 0.018333333333333333
0 0.9341666666666667 0.38083333333333336 0.0275 0.04
0 0.9883333333333333 0.37166666666666665 0.02 0.058333333333333334
0 0.004166666666666667 0.6216666666666667 0.008333333333333333 0.03