0 0.028333333333333332 0.7183333333333334 0.020833333333333332 0.023333333333333334
0 0.035833333333333335 0.7491666666666666 0.0325 0.030833333333333334
0 0.041666666666666664 0.815 0.025 0.023333333333333334
0 0.050833333333333335 0.855 0.03666666666666667 0.03833333333333333
0 0.09166666666666666 0.8558333333333333 0.029166666666666667 0.0325
0 0.12333333333333334 0.8408333333333333 0.023333333333333334 0.025
0 0.13 0.8008333333333333 0.025 0.023333333333333334
0 0.12333333333333334 0.7233333333333334 0.02666666666666667 0.025
0 0.1225 0.6975 0.029166666666666667 0.020833333333333332
0 0.24833333333333332 0.6966666666666667 0.029166666666666667 0.023333333333333334
0 0.295 0.8191666666666667 0.03833333333333333 0.03666666666666667
0 0.38 0.815 0.035 0.035
0 0.37416666666666665 0.7216666666666667 0.02666666666666667 0.023333333333333334
0 0.5183333333333333 0.69 0.029166666666666667 0.029166666666666667
0 0.5383333333333333 0.7191666666666666 0.023333333333333334 0.025
0 0.6258333333333334 0.7908333333333334 0.03833333333333333 0.04083333333333333
0 0.6758333333333333 0.7683333333333333 0.030833333333333334 0.030833333333333334
0 0.6533333333333333 0.6891666666666667 0.0325 0.035
0 0.6058333333333333 0.6158333333333333 0.02666666666666667 0.02666666666666667
0 0.5691666666666667 0.59 0.0425 0.04083333333333333
0 0.5433333333333333 0.8708333333333333 0.029166666666666667 0.02666666666666667
0 0.7758333333333334 0.8516666666666667 0.030833333333333334 0.02666666666666667
0 0.9391666666666667 0.89 0.029166666666666667 0.02666666666666667
0 0.9841666666666666 0.5933333333333334 0.030833333333333334 0.04416666666666667
0 0.8 0.0975 0.04083333333333333 0.04083333333333333
0 0.8033333333333333 0.14083333333333334 0.0425 0.035
0 0.7758333333333334 0.18666666666666668 0.03833333333333333 0.03666666666666667
0 0.7358333333333333 0.2475 0.02666666666666667 0.02666666666666667
0 0.6108333333333333 0.06916666666666667 0.04416666666666667 0.0425
0 0.4658333333333333 0.1175 0.025 0.023333333333333334
0 0.5025 0.16666666666666666 0.03666666666666667 0.0325
0 0.4775 0.2025 0.04083333333333333 0.035
0 0.44583333333333336 0.23083333333333333 0.023333333333333334 0.025
0 0.42833333333333334 0.2608333333333333 0.023333333333333334 0.023333333333333334
0 0.3575 0.2633333333333333 0.023333333333333334 0.025
0 0.2608333333333333 0.10583333333333333 0.023333333333333334 0.030833333333333334
0 0.22916666666666666 0.13416666666666666 0.029166666666666667 0.025
0 0.22333333333333333 0.17 0.025 0.023333333333333334
0 0.21583333333333332 0.20333333333333334 0.02666666666666667 0.020833333333333332
0 0.21166666666666667 0.23333333333333334 0.029166666666666667 0.023333333333333334
0 0.2075 0.26166666666666666 0.0325 0.020833333333333332
0 0.07833333333333334 0.22333333333333333 0.029166666666666667 0.020833333333333332
0 0.07833333333333334 0.1875 0.029166666666666667 0.023333333333333334
0 0.075 0.15833333333333333 0.02666666666666667 0.023333333333333334
0 0.06166666666666667 0.12333333333333334 0.035 0.035
0 0.010833333333333334 0.1225 0.0175 0.04833333333333333