0 0.5325 0.2683333333333333 0.021666666666666667 0.029166666666666667
0 0.5066666666666667 0.27166666666666667 0.023333333333333334 0.021666666666666667
0 0.4625 0.5458333333333333 0.02 0.023333333333333334
0 0.44 0.5616666666666666 0.021666666666666667 0.029166666666666667
0 0.6266666666666667 0.19333333333333333 0.025 0.0275
0 0.5908333333333333 0.205 0.021666666666666667 0.021666666666666667
0 0.5508333333333333 0.20166666666666666 0.025 0.030833333333333334
0 0.645 0.135 0.021666666666666667 0.023333333333333334
0 0.6058333333333333 0.13166666666666665 0.023333333333333334 0.030833333333333334
0 0.5666666666666667 0.1325 0.025 0.029166666666666667
0 0.5 0.13333333333333333 0.029166666666666667 0.03833333333333333
0 0.515 0.20416666666666666 0.02 0.034166666666666665
0 0.4766666666666667 0.20583333333333334 0.0325 0.030833333333333334
0 0.41583333333333333 0.13916666666666666 0.030833333333333334 0.029166666666666667
0 0.4 0.20916666666666667 0.029166666666666667 0.034166666666666665
0 0.44 0.205 0.029166666666666667 0.0325
0 0.4033333333333333 0.045 0.023333333333333334 0.025
0 0.4225 0.05333333333333334 0.018333333333333333 0.02