0 0.14833333333333334 0.47833333333333333 0.065 0.06916666666666667
0 0.22166666666666668 0.475 0.06333333333333334 0.065
0 0.32416666666666666 0.4091666666666667 0.06916666666666667 0.065
0 0.4091666666666667 0.42083333333333334 0.043333333333333335 0.0525
0 0.3958333333333333 0.5333333333333333 0.045 0.041666666666666664
0 0.4575 0.3441666666666667 0.06 0.050833333333333335
0 0.4816666666666667 0.38916666666666666 0.04 0.035833333333333335
0 0.5275 0.49916666666666665 0.04 0.034166666666666665
0 0.9791666666666666 0.54 0.03833333333333333 0.06
0 0.7566666666666667 0.43333333333333335 0.06 0.06166666666666667
0 0.6575 0.4175 0.065 0.07083333333333333
0 0.5966666666666667 0.375 0.041666666666666664 0.0475
0 0.7558333333333334 0.5325 0.050833333333333335 0.05416666666666667
0 0.8041666666666667 0.59 0.0475 0.0525
0 0.855 0.64 0.058333333333333334 0.06333333333333334
0 0.9075 0.7 0.065 0.0775
0 0.965 0.765 0.06 0.06
0 0.9 0.8791666666666667 0.058333333333333334 0.05583333333333333
0 0.8408333333333333 0.8483333333333334 0.0475 0.06
0 0.7841666666666667 0.8158333333333333 0.0475 0.06333333333333334