0 0.5325 0.8533333333333334 0.035833333333333335 0.028333333333333332
0 0.44083333333333335 0.8608333333333333 0.0325 0.02
0 0.445 0.8341666666666666 0.023333333333333334 0.023333333333333334
0 0.44166666666666665 0.81 0.034166666666666665 0.018333333333333333
0 0.43916666666666665 0.7883333333333333 0.0325 0.021666666666666667
0 0.43666666666666665 0.7616666666666667 0.0375 0.025
0 0.43916666666666665 0.6925 0.028333333333333332 0.02
0 0.43833333333333335 0.6683333333333333 0.034166666666666665 0.025
0 0.43666666666666665 0.6433333333333333 0.02666666666666667 0.025
0 0.42083333333333334 0.6083333333333333 0.025 0.023333333333333334
0 0.4375 0.5958333333333333 0.025 0.02
0 0.5491666666666667 0.5308333333333334 0.045 0.03916666666666667
0 0.61 0.5433333333333333 0.030833333333333334 0.025
0 0.6383333333333333 0.5483333333333333 0.028333333333333332 0.025
0 0.48083333333333333 0.45916666666666667 0.0625 0.0575
0 0.5233333333333333 0.38083333333333336 0.03916666666666667 0.034166666666666665
0 0.5525 0.3925 0.02666666666666667 0.025
0 0.5733333333333334 0.41 0.021666666666666667 0.025
0 0.5858333333333333 0.33 0.05 0.04666666666666667
0 0.6175 0.3516666666666667 0.04083333333333333 0.03916666666666667
0 0.6583333333333333 0.25833333333333336 0.0375 0.0325
0 0.6683333333333333 0.2275 0.03916666666666667 0.0325
0 0.69 0.19416666666666665 0.03916666666666667 0.0375
0 0.7091666666666666 0.16666666666666666 0.02 0.018333333333333333