0 0.9241666666666667 0.6275 0.04416666666666667 0.05583333333333333
0 0.8383333333333334 0.6516666666666666 0.0475 0.06166666666666667
0 0.49083333333333334 0.6691666666666667 0.05 0.05583333333333333
0 0.425 0.6525 0.05 0.05583333333333333
0 0.2608333333333333 0.59 0.04583333333333333 0.0575
0 0.185 0.5508333333333333 0.04416666666666667 0.051666666666666666
0 0.051666666666666666 0.44083333333333335 0.04583333333333333 0.0425
0 0.019166666666666665 0.38666666666666666 0.034166666666666665 0.0425
0 0.8541666666666666 0.8716666666666667 0.0425 0.05333333333333334
0 0.7458333333333333 0.865 0.0475 0.05583333333333333
0 0.6883333333333334 0.8641666666666666 0.0475 0.05333333333333334
0 0.5125 0.86 0.051666666666666666 0.05333333333333334
0 0.10666666666666667 0.8525 0.04416666666666667 0.0575