0 0.8391666666666666 0.52 0.024166666666666666 0.028333333333333332
0 0.92 0.6158333333333333 0.016666666666666666 0.016666666666666666
0 0.9091666666666667 0.6016666666666667 0.020833333333333332 0.015
0 0.9725 0.6325 0.020833333333333332 0.024166666666666666
0 0.9866666666666667 0.6233333333333333 0.0225 0.020833333333333332
0 0.9958333333333333 0.61 0.0075 0.020833333333333332
0 0.7666666666666667 0.575 0.019166666666666665 0.019166666666666665
0 0.6791666666666667 0.6825 0.024166666666666666 0.0225
0 0.665 0.6591666666666667 0.02666666666666667 0.024166666666666666
0 0.6425 0.5925 0.03 0.03
0 0.6775 0.5733333333333334 0.028333333333333332 0.034166666666666665
0 0.65 0.55 0.0225 0.028333333333333332
0 0.645 0.6325 0.0225 0.020833333333333332
0 0.6491666666666667 0.5191666666666667 0.020833333333333332 0.019166666666666665
0 0.6383333333333333 0.5 0.020833333333333332 0.019166666666666665
0 0.71 0.5008333333333334 0.020833333333333332 0.024166666666666666
0 0.7275 0.4866666666666667 0.019166666666666665 0.0225
0 0.7441666666666666 0.4725 0.019166666666666665 0.020833333333333332
0 0.5808333333333333 0.43166666666666664 0.02666666666666667 0.020833333333333332
0 0.6633333333333333 0.425 0.0225 0.0225
0 0.725 0.43166666666666664 0.016666666666666666 0.020833333333333332
0 0.7 0.47333333333333333 0.016666666666666666 0.019166666666666665
0 0.6766666666666666 0.44166666666666665 0.015 0.015
0 0.61 0.46416666666666667 0.016666666666666666 0.019166666666666665
0 0.4725 0.6941666666666667 0.013333333333333334 0.016666666666666666
0 0.5283333333333333 0.645 0.015 0.019166666666666665
0 0.5041666666666667 0.6133333333333333 0.019166666666666665 0.020833333333333332
0 0.47833333333333333 0.5875 0.020833333333333332 0.020833333333333332
0 0.4633333333333333 0.5633333333333334 0.020833333333333332 0.020833333333333332
0 0.44666666666666666 0.54 0.016666666666666666 0.016666666666666666
0 0.4191666666666667 0.5266666666666666 0.015 0.015
0 0.4191666666666667 0.5158333333333334 0.02666666666666667 0.024166666666666666
0 0.40166666666666667 0.48833333333333334 0.024166666666666666 0.0225
0 0.3883333333333333 0.485 0.013333333333333334 0.015
0 0.3775 0.45666666666666667 0.019166666666666665 0.019166666666666665
0 0.3408333333333333 0.44583333333333336 0.016666666666666666 0.019166666666666665
0 0.38666666666666666 0.5358333333333334 0.020833333333333332 0.0225
0 0.7475 0.535 0.013333333333333334 0.020833333333333332
0 0.7708333333333334 0.5158333333333334 0.019166666666666665 0.020833333333333332
0 0.7816666666666666 0.5041666666666667 0.015 0.0225
0 0.7966666666666666 0.4975 0.015 0.016666666666666666
0 0.8133333333333334 0.4841666666666667 0.016666666666666666 0.020833333333333332
0 0.6333333333333333 0.385 0.019166666666666665 0.0225
0 0.3825 0.6591666666666667 0.024166666666666666 0.020833333333333332
0 0.36 0.6391666666666667 0.016666666666666666 0.019166666666666665
0 0.36 0.6275 0.020833333333333332 0.019166666666666665
0 0.3466666666666667 0.6241666666666666 0.013333333333333334 0.015
0 0.3983333333333333 0.6133333333333333 0.015 0.013333333333333334
0 0.38333333333333336 0.6108333333333333 0.02666666666666667 0.0225
0 0.38083333333333336 0.5933333333333334 0.020833333333333332 0.013333333333333334
0 0.3625 0.5875 0.02666666666666667 0.024166666666666666
0 0.3625 0.5716666666666667 0.019166666666666665 0.015
0 0.3541666666666667 0.5591666666666667 0.016666666666666666 0.013333333333333334
0 0.33916666666666667 0.5583333333333333 0.020833333333333332 0.019166666666666665
0 0.3283333333333333 0.6 0.016666666666666666 0.015
0 0.31666666666666665 0.5708333333333333 0.016666666666666666 0.020833333333333332
0 0.30416666666666664 0.5633333333333334 0.019166666666666665 0.016666666666666666
0 0.31833333333333336 0.5325 0.028333333333333332 0.024166666666666666
0 0.32166666666666666 0.5191666666666667 0.015 0.015
0 0.29333333333333333 0.4841666666666667 0.015 0.016666666666666666
0 0.26916666666666667 0.5158333333333334 0.041666666666666664 0.03916666666666667
0 0.2775 0.48 0.024166666666666666 0.024166666666666666
0 0.25 0.4841666666666667 0.019166666666666665 0.016666666666666666
0 0.255 0.4483333333333333 0.028333333333333332 0.028333333333333332
0 0.23583333333333334 0.4241666666666667 0.020833333333333332 0.016666666666666666
0 0.21583333333333332 0.3925 0.0225 0.0225
0 0.16666666666666666 0.38416666666666666 0.024166666666666666 0.024166666666666666
0 0.10333333333333333 0.44333333333333336 0.02666666666666667 0.0225
0 0.020833333333333332 0.4125 0.034166666666666665 0.035833333333333335
0 0.7483333333333333 0.3908333333333333 0.019166666666666665 0.019166666666666665
0 0.855 0.5008333333333334 0.015 0.016666666666666666
0 0.8916666666666667 0.4633333333333333 0.016666666666666666 0.016666666666666666
0 0.20416666666666666 0.7866666666666666 0.016666666666666666 0.016666666666666666
0 0.2 0.8008333333333333 0.016666666666666666 0.019166666666666665
0 0.18666666666666668 0.8016666666666666 0.016666666666666666 0.020833333333333332
0 0.175 0.8216666666666667 0.019166666666666665 0.019166666666666665
0 0.16 0.8233333333333334 0.019166666666666665 0.0225
0 0.1175 0.8575 0.020833333333333332 0.02666666666666667
0 0.10166666666666667 0.8741666666666666 0.0225 0.0225
0 0.06666666666666667 0.895 0.024166666666666666 0.02666666666666667
0 0.18083333333333335 0.9675 0.019166666666666665 0.016666666666666666
0 0.17583333333333334 0.9516666666666667 0.013333333333333334 0.013333333333333334
0 0.0825 0.74 0.019166666666666665 0.016666666666666666
0 0.06333333333333334 0.7275 0.016666666666666666 0.019166666666666665
0 0.0425 0.715 0.024166666666666666 0.020833333333333332
0 0.029166666666666667 0.6916666666666667 0.028333333333333332 0.0225
0 0.014166666666666666 0.6683333333333333 0.024166666666666666 0.028333333333333332