0 0.10833333333333334 0.43833333333333335 0.0675 0.07416666666666667
0 0.2 0.4275 0.060833333333333336 0.07583333333333334
0 0.32083333333333336 0.24416666666666667 0.07083333333333333 0.055
0 0.05416666666666667 0.019166666666666665 0.04666666666666667 0.03833333333333333
0 0.5216666666666666 0.075 0.0575 0.08166666666666667
0 0.5666666666666667 0.31083333333333335 0.085 0.06416666666666666
0 0.5533333333333333 0.3725 0.06916666666666667 0.06416666666666666
0 0.82 0.12583333333333332 0.0625 0.08166666666666667
0 0.9041666666666667 0.1425 0.0575 0.0675
0 0.9666666666666667 0.345 0.06416666666666666 0.07416666666666667
0 0.9408333333333333 0.5658333333333333 0.08333333333333333 0.08666666666666667