0 0.49166666666666664 0.22916666666666666 0.02666666666666667 0.03
0 0.16416666666666666 0.33416666666666667 0.0175 0.020833333333333332
0 0.42916666666666664 0.37166666666666665 0.020833333333333332 0.019166666666666665
0 0.42916666666666664 0.3975 0.025 0.025
0 0.41583333333333333 0.4608333333333333 0.023333333333333334 0.020833333333333332
0 0.35 0.4608333333333333 0.020833333333333332 0.028333333333333332
0 0.5708333333333333 0.5491666666666667 0.014166666666666666 0.014166666666666666
0 0.605 0.5508333333333333 0.015833333333333335 0.0175
0 0.735 0.5633333333333334 0.014166666666666666 0.020833333333333332
0 0.7041666666666667 0.565 0.0125 0.0175
0 0.6383333333333333 0.5675 0.015833333333333335 0.0175
0 0.72 0.5741666666666667 0.015833333333333335 0.020833333333333332
0 0.7016666666666667 0.5858333333333333 0.014166666666666666 0.023333333333333334
0 0.8816666666666667 0.5858333333333333 0.020833333333333332 0.023333333333333334
0 0.6391666666666667 0.5908333333333333 0.014166666666666666 0.015833333333333335
0 0.82 0.5941666666666666 0.0175 0.009166666666666667
0 0.845 0.6016666666666667 0.019166666666666665 0.023333333333333334
0 0.7433333333333333 0.6033333333333334 0.023333333333333334 0.019166666666666665
0 0.7058333333333333 0.6058333333333333 0.019166666666666665 0.020833333333333332
0 0.8125 0.6075 0.014166666666666666 0.014166666666666666
0 0.6025 0.6091666666666666 0.0175 0.014166666666666666
0 0.7741666666666667 0.6116666666666667 0.014166666666666666 0.014166666666666666
0 0.5616666666666666 0.6458333333333334 0.014166666666666666 0.015833333333333335
0 0.8166666666666667 0.8958333333333334 0.025 0.020833333333333332
0 0.7208333333333333 0.9433333333333334 0.025 0.020833333333333332