0 0.9466666666666667 0.37166666666666665 0.060833333333333336 0.06416666666666666
0 0.9083333333333333 0.635 0.04083333333333333 0.04666666666666667
0 0.9191666666666667 0.565 0.034166666666666665 0.051666666666666666
0 0.9658333333333333 0.5525 0.04666666666666667 0.04416666666666667
0 0.8033333333333333 0.5733333333333334 0.0625 0.0675
0 0.64 0.5916666666666667 0.058333333333333334 0.08
0 0.5908333333333333 0.5966666666666667 0.035833333333333335 0.04416666666666667
0 0.7508333333333334 0.8075 0.05333333333333334 0.0675
0 0.7 0.815 0.034166666666666665 0.0425
0 0.48833333333333334 0.835 0.055 0.07666666666666666
0 0.1725 0.945 0.04666666666666667 0.03916666666666667
0 0.3725 0.6158333333333333 0.051666666666666666 0.075
0 0.31666666666666665 0.6166666666666667 0.03166666666666667 0.04416666666666667
0 0.021666666666666667 0.6591666666666667 0.03916666666666667 0.0875
0 0.0975 0.4525 0.060833333333333336 0.0625
0 0.315 0.43083333333333335 0.03916666666666667 0.0425
0 0.37416666666666665 0.4241666666666667 0.06583333333333333 0.07333333333333333
0 0.45 0.4175 0.06416666666666666 0.06583333333333333
0 0.5141666666666667 0.4225 0.04666666666666667 0.0375
0 0.5866666666666667 0.41583333333333333 0.0375 0.04416666666666667
0 0.6233333333333333 0.39666666666666667 0.04083333333333333 0.04666666666666667