0 0.8725 0.8683333333333333 0.03333333333333333 0.03166666666666667
0 0.8708333333333333 0.8275 0.03666666666666667 0.035
0 0.8708333333333333 0.7783333333333333 0.03666666666666667 0.029166666666666667
0 0.8791666666666667 0.7441666666666666 0.03166666666666667 0.0275
0 0.8725 0.7066666666666667 0.03333333333333333 0.029166666666666667
0 0.87 0.67 0.03166666666666667 0.029166666666666667
0 0.8708333333333333 0.63 0.029166666666666667 0.03166666666666667
0 0.865 0.5675 0.04083333333333333 0.0275
0 0.865 0.5341666666666667 0.03666666666666667 0.03166666666666667
0 0.8733333333333333 0.4975 0.035 0.0275
0 0.8691666666666666 0.4633333333333333 0.025833333333333333 0.0225
0 0.8658333333333333 0.42833333333333334 0.035 0.025833333333333333
0 0.6866666666666666 0.4225 0.04416666666666667 0.03666666666666667
0 0.8625 0.395 0.035 0.025833333333333333
0 0.8708333333333333 0.34833333333333333 0.03333333333333333 0.029166666666666667
0 0.865 0.31333333333333335 0.04083333333333333 0.03333333333333333
0 0.8691666666666666 0.275 0.03333333333333333 0.029166666666666667
0 0.865 0.24166666666666667 0.03333333333333333 0.03333333333333333
0 0.995 0.19833333333333333 0.009166666666666667 0.035
0 0.87 0.18833333333333332 0.035 0.04083333333333333
0 0.8591666666666666 0.155 0.03166666666666667 0.03333333333333333
0 0.995 0.12666666666666668 0.009166666666666667 0.03833333333333333
0 0.8583333333333333 0.08416666666666667 0.025833333333333333 0.0275
0 0.8691666666666666 0.9658333333333333 0.029166666666666667 0.024166666666666666
0 0.8716666666666667 0.915 0.03166666666666667 0.025833333333333333