0 0.72 0.7983333333333333 0.03166666666666667 0.03666666666666667
0 0.7541666666666667 0.7966666666666666 0.03 0.03666666666666667
0 0.10166666666666667 0.76 0.020833333333333332 0.019166666666666665
0 0.605 0.7575 0.028333333333333332 0.03
0 0.6058333333333333 0.7241666666666666 0.025833333333333333 0.028333333333333332
0 0.04666666666666667 0.7108333333333333 0.0125 0.0125
0 0.4658333333333333 0.5475 0.015833333333333335 0.0175
0 0.4841666666666667 0.5441666666666667 0.014166666666666666 0.019166666666666665
0 0.5416666666666666 0.5441666666666667 0.0175 0.025833333333333333
0 0.6491666666666667 0.5425 0.0125 0.015833333333333335
0 0.8083333333333333 0.5408333333333334 0.015833333333333335 0.015833333333333335
0 0.6033333333333334 0.5058333333333334 0.014166666666666666 0.015833333333333335
0 0.5658333333333333 0.4683333333333333 0.015833333333333335 0.0175
0 0.89 0.4625 0.024166666666666666 0.03
0 0.7633333333333333 0.4608333333333333 0.03 0.03
0 0.6941666666666667 0.4266666666666667 0.035 0.028333333333333332
0 0.24 0.17833333333333334 0.025833333333333333 0.03166666666666667
0 0.20666666666666667 0.1775 0.03166666666666667 0.04
0 0.31166666666666665 0.10833333333333334 0.0225 0.03166666666666667
0 0.25416666666666665 0.1 0.019166666666666665 0.028333333333333332