0 0.05 0.30333333333333334 0.021666666666666667 0.023333333333333334
0 0.4841666666666667 0.29333333333333333 0.060833333333333336 0.06416666666666666
0 0.5891666666666666 0.17333333333333334 0.0425 0.04833333333333333
0 0.6708333333333333 0.15916666666666668 0.03916666666666667 0.04083333333333333
0 0.8716666666666667 0.2966666666666667 0.056666666666666664 0.06583333333333333
0 0.8283333333333334 0.2916666666666667 0.0375 0.03916666666666667
0 0.4266666666666667 0.2941666666666667 0.05 0.058333333333333334
0 0.3641666666666667 0.21083333333333334 0.04416666666666667 0.055
0 0.43416666666666665 0.2125 0.0425 0.04833333333333333
0 0.9825 0.25333333333333335 0.03166666666666667 0.04083333333333333
0 0.9825 0.21916666666666668 0.03166666666666667 0.03916666666666667
0 0.15 0.2525 0.0375 0.0425
0 0.2708333333333333 0.29 0.03916666666666667 0.03916666666666667
0 0.050833333333333335 0.24416666666666667 0.023333333333333334 0.025
0 0.07666666666666666 0.245 0.021666666666666667 0.023333333333333334
0 0.0975 0.245 0.025 0.023333333333333334
0 0.5975 0.9658333333333333 0.056666666666666664 0.05
0 0.2783333333333333 0.9575 0.055 0.04666666666666667