0 0.7241666666666666 0.49 0.051666666666666666 0.06833333333333333
0 0.5466666666666666 0.4583333333333333 0.059166666666666666 0.060833333333333336
0 0.94 0.43166666666666664 0.03916666666666667 0.03666666666666667
0 0.6841666666666667 0.4266666666666667 0.05 0.0575
0 0.9491666666666667 0.36916666666666664 0.04666666666666667 0.060833333333333336
0 0.21083333333333334 0.2733333333333333 0.07 0.0575
0 0.63 0.25833333333333336 0.04833333333333333 0.04666666666666667
0 0.6775 0.21916666666666668 0.04416666666666667 0.0425
0 0.45916666666666667 0.21 0.051666666666666666 0.05
0 0.885 0.175 0.03333333333333333 0.03916666666666667
0 0.9525 0.16416666666666666 0.03916666666666667 0.03166666666666667
0 0.4558333333333333 0.15 0.04083333333333333 0.04416666666666667
0 0.6666666666666666 0.14166666666666666 0.03666666666666667 0.04666666666666667
0 0.9866666666666667 0.12666666666666668 0.0225 0.03916666666666667
0 0.6141666666666666 0.10916666666666666 0.05 0.059166666666666666
0 0.5633333333333334 0.08416666666666667 0.04416666666666667 0.05333333333333334
0 0.3433333333333333 0.05333333333333334 0.0275 0.03
0 0.4658333333333333 0.006666666666666667 0.035 0.009166666666666667