0 0.6275 0.7883333333333333 0.04416666666666667 0.0425
0 0.5525 0.7175 0.05333333333333334 0.04833333333333333
0 0.59 0.6641666666666667 0.051666666666666666 0.055
0 0.64 0.6825 0.04416666666666667 0.04416666666666667
0 0.019166666666666665 0.6391666666666667 0.03833333333333333 0.05
0 0.0125 0.6166666666666667 0.025 0.05
0 0.021666666666666667 0.5733333333333334 0.043333333333333335 0.04
0 0.028333333333333332 0.5358333333333334 0.04583333333333333 0.035
0 0.1275 0.5383333333333333 0.051666666666666666 0.04833333333333333
0 0.31666666666666665 0.4708333333333333 0.0425 0.04833333333333333
0 0.1525 0.42333333333333334 0.03833333333333333 0.035
0 0.17916666666666667 0.3625 0.059166666666666666 0.0575
0 0.2175 0.30416666666666664 0.0775 0.0775
0 0.25666666666666665 0.21916666666666668 0.08833333333333333 0.09583333333333334
0 0.37416666666666665 0.2816666666666667 0.04083333333333333 0.0425
0 0.3616666666666667 0.3308333333333333 0.04416666666666667 0.04583333333333333
0 0.3458333333333333 0.3775 0.03833333333333333 0.04583333333333333
0 0.48083333333333333 0.4175 0.04583333333333333 0.03833333333333333
0 0.495 0.36916666666666664 0.04583333333333333 0.04083333333333333
0 0.5083333333333333 0.295 0.035 0.03666666666666667
0 0.485 0.255 0.04416666666666667 0.03333333333333333
0 0.25333333333333335 0.12833333333333333 0.05 0.05