0 0.9416666666666667 0.37833333333333335 0.06 0.06333333333333334
0 0.9041666666666667 0.6391666666666667 0.04083333333333333 0.04583333333333333
0 0.915 0.5691666666666667 0.03333333333333333 0.050833333333333335
0 0.9616666666666667 0.5575 0.04583333333333333 0.04416666666666667
0 0.8 0.5775 0.06166666666666667 0.06666666666666667
0 0.6383333333333333 0.5958333333333333 0.058333333333333334 0.07916666666666666
0 0.59 0.6008333333333333 0.035 0.04416666666666667
0 0.7483333333333333 0.81 0.0525 0.06666666666666667
0 0.6983333333333334 0.8166666666666667 0.03333333333333333 0.0425
0 0.48833333333333334 0.8375 0.05416666666666667 0.07583333333333334
0 0.17583333333333334 0.9458333333333333 0.04583333333333333 0.03833333333333333
0 0.37416666666666665 0.62 0.050833333333333335 0.07416666666666667
0 0.31833333333333336 0.6208333333333333 0.03166666666666667 0.04416666666666667
0 0.024166666666666666 0.6625 0.04416666666666667 0.08666666666666667
0 0.1025 0.4583333333333333 0.06 0.06166666666666667
0 0.31666666666666665 0.43666666666666665 0.03833333333333333 0.0425
0 0.37583333333333335 0.43083333333333335 0.065 0.0725
0 0.4508333333333333 0.42333333333333334 0.06333333333333334 0.065
0 0.5141666666666667 0.42833333333333334 0.04583333333333333 0.03666666666666667
0 0.585 0.4216666666666667 0.03666666666666667 0.04416666666666667
0 0.6225 0.4033333333333333 0.04083333333333333 0.04583333333333333