0 0.18583333333333332 0.11583333333333333 0.04666666666666667 0.04
0 0.33916666666666667 0.29833333333333334 0.02666666666666667 0.023333333333333334
0 0.065 0.4608333333333333 0.045 0.03833333333333333
0 0.015833333333333335 0.5733333333333334 0.028333333333333332 0.025
0 0.014166666666666666 0.6158333333333333 0.028333333333333332 0.03666666666666667
0 0.285 0.6775 0.03333333333333333 0.04
0 0.5916666666666667 0.88 0.041666666666666664 0.035
0 0.2991666666666667 0.9066666666666666 0.041666666666666664 0.03833333333333333
0 0.23916666666666667 0.8325 0.03833333333333333 0.03666666666666667
0 0.2833333333333333 0.8508333333333333 0.04 0.03333333333333333
0 0.35 0.8541666666666666 0.035 0.03333333333333333
0 0.7716666666666666 0.4091666666666667 0.02 0.03
0 0.7966666666666666 0.6233333333333333 0.043333333333333335 0.03833333333333333
0 0.8141666666666667 0.5841666666666666 0.043333333333333335 0.03666666666666667
0 0.2775 0.7875 0.035 0.035
0 0.385 0.7366666666666667 0.03833333333333333 0.03666666666666667
0 0.4241666666666667 0.7191666666666666 0.03666666666666667 0.041666666666666664
0 0.4191666666666667 0.5258333333333334 0.04 0.041666666666666664
0 0.45916666666666667 0.6983333333333334 0.03833333333333333 0.04
0 0.44166666666666665 0.8116666666666666 0.03666666666666667 0.04
0 0.48333333333333334 0.7883333333333333 0.03666666666666667 0.04
0 0.6441666666666667 0.6883333333333334 0.03666666666666667 0.03666666666666667
0 0.435 0.5575 0.021666666666666667 0.021666666666666667
0 0.4575 0.5975 0.025 0.023333333333333334
0 0.4925 0.4658333333333333 0.035 0.035
0 0.905 0.745 0.03833333333333333 0.03666666666666667
0 0.5241666666666667 0.7641666666666667 0.025 0.021666666666666667
0 0.5091666666666667 0.5083333333333333 0.021666666666666667 0.023333333333333334
0 0.3433333333333333 0.585 0.021666666666666667 0.021666666666666667
0 0.6116666666666667 0.77 0.021666666666666667 0.023333333333333334
0 0.6491666666666667 0.785 0.02666666666666667 0.02
0 0.8616666666666667 0.8991666666666667 0.03166666666666667 0.03
0 0.7758333333333334 0.7366666666666667 0.028333333333333332 0.02666666666666667
0 0.4241666666666667 0.8858333333333334 0.02666666666666667 0.023333333333333334
0 0.81 0.7466666666666667 0.03666666666666667 0.04
0 0.8491666666666666 0.76 0.03333333333333333 0.04
0 0.9508333333333333 0.7133333333333334 0.03166666666666667 0.03666666666666667
0 0.8116666666666666 0.8375 0.023333333333333334 0.03666666666666667
0 0.8658333333333333 0.95 0.04666666666666667 0.043333333333333335
0 0.6633333333333333 0.9783333333333334 0.025 0.02