0 0.14916666666666667 0.5425 0.06666666666666667 0.07
0 0.22416666666666665 0.5458333333333333 0.06416666666666666 0.06666666666666667
0 0.3283333333333333 0.6125 0.07 0.06666666666666667
0 0.415 0.6008333333333333 0.04416666666666667 0.05333333333333334
0 0.40166666666666667 0.48583333333333334 0.04583333333333333 0.0425
0 0.46416666666666667 0.6791666666666667 0.060833333333333336 0.051666666666666666
0 0.4891666666666667 0.6325 0.04083333333333333 0.03666666666666667
0 0.535 0.5208333333333334 0.04083333333333333 0.035
0 0.9866666666666667 0.48083333333333333 0.023333333333333334 0.06166666666666667
0 0.7683333333333333 0.5883333333333334 0.060833333333333336 0.0625
0 0.6675 0.6041666666666666 0.06666666666666667 0.07166666666666667
0 0.6058333333333333 0.6475 0.0425 0.04833333333333333
0 0.7675 0.4875 0.051666666666666666 0.055
0 0.8175 0.42916666666666664 0.04833333333333333 0.05333333333333334
0 0.8691666666666666 0.3775 0.059166666666666666 0.06416666666666666
0 0.9225 0.31666666666666665 0.06666666666666667 0.07916666666666666
0 0.9733333333333334 0.24916666666666668 0.05 0.065
0 0.915 0.13416666666666666 0.059166666666666666 0.0575
0 0.8541666666666666 0.165 0.04833333333333333 0.060833333333333336
0 0.7966666666666666 0.19833333333333333 0.04833333333333333 0.06416666666666666