0 0.82 0.20666666666666667 0.03916666666666667 0.03166666666666667
0 0.8183333333333334 0.285 0.043333333333333335 0.035
0 0.1875 0.43833333333333335 0.035 0.04083333333333333
0 0.3525 0.44166666666666665 0.049166666666666664 0.058333333333333334
0 0.2275 0.44333333333333336 0.03333333333333333 0.03916666666666667
0 0.2825 0.45 0.045 0.056666666666666664
0 0.8108333333333333 0.4625 0.023333333333333334 0.023333333333333334
0 0.8058333333333333 0.5008333333333334 0.021666666666666667 0.021666666666666667
0 0.31083333333333335 0.043333333333333335 0.04666666666666667 0.055
0 0.25 0.04416666666666667 0.0625 0.049166666666666664
0 0.15916666666666668 0.0475 0.03333333333333333 0.045
0 0.79 0.060833333333333336 0.03333333333333333 0.0275
0 0.13 0.06166666666666667 0.025 0.025
0 0.095 0.06583333333333333 0.025 0.025