0 0.0375 0.46166666666666667 0.075 0.0925
0 0.5316666666666666 0.27416666666666667 0.04083333333333333 0.03833333333333333
0 0.575 0.22916666666666666 0.035 0.04083333333333333
0 0.6133333333333333 0.2841666666666667 0.04416666666666667 0.03833333333333333
0 0.5616666666666666 0.37416666666666665 0.0425 0.035
0 0.9325 0.24416666666666667 0.0575 0.05583333333333333
0 0.8066666666666666 0.24416666666666667 0.06166666666666667 0.075
0 0.7508333333333334 0.26166666666666666 0.06166666666666667 0.0675
0 0.7183333333333334 0.24416666666666667 0.02666666666666667 0.0325
0 0.7008333333333333 0.2825 0.03833333333333333 0.03666666666666667
0 0.9766666666666667 0.4216666666666667 0.035 0.04416666666666667
0 0.9591666666666666 0.37666666666666665 0.04666666666666667 0.0575
0 0.9233333333333333 0.36833333333333335 0.04416666666666667 0.06916666666666667
0 0.7525 0.38416666666666666 0.0575 0.0575
0 0.825 0.36 0.04833333333333333 0.07166666666666667
0 0.8533333333333334 0.37416666666666665 0.04666666666666667 0.05416666666666667
0 0.8783333333333333 0.3516666666666667 0.05 0.06916666666666667
0 0.675 0.37 0.03666666666666667 0.029166666666666667
0 0.7941666666666667 0.38 0.0525 0.06166666666666667