0 0.16333333333333333 0.9583333333333334 0.12666666666666668 0.08
0 0.15083333333333335 0.8133333333333334 0.1575 0.13833333333333334
0 0.115 0.5158333333333334 0.08166666666666667 0.08916666666666667
0 0.11333333333333333 0.3516666666666667 0.1325 0.13416666666666666
0 0.1 0.185 0.13666666666666666 0.14583333333333334
0 0.08083333333333333 0.034166666666666665 0.13833333333333334 0.06416666666666666
0 0.5075 0.9825 0.08833333333333333 0.03166666666666667
0 0.5075 0.8741666666666666 0.06833333333333333 0.06666666666666667
0 0.48333333333333334 0.5983333333333334 0.06833333333333333 0.06833333333333333
0 0.48083333333333333 0.4583333333333333 0.08333333333333333 0.0875
0 0.4666666666666667 0.16166666666666665 0.07416666666666667 0.0775
0 0.4816666666666667 0.31166666666666665 0.0925 0.08916666666666667