0 0.21 0.5275 0.03333333333333333 0.035
0 0.2425 0.5266666666666666 0.03166666666666667 0.03333333333333333
0 0.3408333333333333 0.44166666666666665 0.03 0.03
0 0.3408333333333333 0.5275 0.025833333333333333 0.03166666666666667
0 0.37166666666666665 0.5275 0.03 0.0275
0 0.6133333333333333 0.6883333333333334 0.020833333333333332 0.020833333333333332
0 0.6525 0.6891666666666667 0.025833333333333333 0.0225
0 0.6841666666666667 0.6916666666666667 0.0225 0.024166666666666666
0 0.7408333333333333 0.6983333333333334 0.03166666666666667 0.035
0 0.7716666666666666 0.6866666666666666 0.03166666666666667 0.035
0 0.5925 0.53 0.0275 0.03166666666666667
0 0.5033333333333333 0.43 0.024166666666666666 0.0275
0 0.535 0.44 0.024166666666666666 0.03333333333333333
0 0.8641666666666666 0.25166666666666665 0.0275 0.025833333333333333
0 0.9341666666666667 0.3525 0.024166666666666666 0.0225
0 0.115 0.1925 0.0275 0.03666666666666667
0 0.24583333333333332 0.19166666666666668 0.03166666666666667 0.03166666666666667
0 0.3775 0.19333333333333333 0.03333333333333333 0.035
0 0.5158333333333334 0.19083333333333333 0.024166666666666666 0.03333333333333333
0 0.5433333333333333 0.19166666666666668 0.0275 0.03166666666666667
0 0.5766666666666667 0.195 0.03166666666666667 0.03833333333333333
0 0.6466666666666666 0.19583333333333333 0.024166666666666666 0.025833333333333333
0 0.6775 0.195 0.0175 0.020833333333333332
0 0.7241666666666666 0.19333333333333333 0.0225 0.020833333333333332
0 0.755 0.1975 0.0225 0.0225
0 0.7783333333333333 0.19666666666666666 0.0175 0.020833333333333332
0 0.8016666666666666 0.19666666666666666 0.0175 0.024166666666666666
0 0.8425 0.1975 0.019166666666666665 0.0225
0 0.8866666666666667 0.20083333333333334 0.020833333333333332 0.0225
0 0.9141666666666667 0.2025 0.019166666666666665 0.024166666666666666
0 0.9383333333333334 0.19833333333333333 0.019166666666666665 0.020833333333333332
0 0.9633333333333334 0.20083333333333334 0.024166666666666666 0.0225
0 0.25083333333333335 0.0775 0.03166666666666667 0.03333333333333333
0 0.2841666666666667 0.07833333333333334 0.0275 0.03166666666666667
0 0.31833333333333336 0.07583333333333334 0.025833333333333333 0.03
0 0.36916666666666664 0.07833333333333334 0.049166666666666664 0.041666666666666664
0 0.41833333333333333 0.08916666666666667 0.0275 0.0275
0 0.5283333333333333 0.0825 0.03333333333333333 0.04666666666666667
0 0.5766666666666667 0.08166666666666667 0.035 0.049166666666666664
0 0.6133333333333333 0.08 0.0275 0.03166666666666667
0 0.6516666666666666 0.08 0.03166666666666667 0.0275
0 0.685 0.03 0.024166666666666666 0.0275
0 0.7066666666666667 0.08416666666666667 0.019166666666666665 0.025833333333333333
0 0.7283333333333334 0.08583333333333333 0.020833333333333332 0.025833333333333333
0 0.8283333333333334 0.08416666666666667 0.0225 0.025833333333333333
0 0.8516666666666667 0.0525 0.024166666666666666 0.024166666666666666
0 0.865 0.09833333333333333 0.019166666666666665 0.025833333333333333
0 0.8858333333333334 0.09833333333333333 0.015833333333333335 0.0225
0 0.915 0.051666666666666666 0.0175 0.025833333333333333
0 0.8725 0.0525 0.0175 0.024166666666666666
0 0.8925 0.055 0.019166666666666665 0.0225
0 0.935 0.0525 0.019166666666666665 0.0275
0 0.9566666666666667 0.05333333333333334 0.0175 0.0225
0 0.9875 0.09583333333333334 0.0175 0.020833333333333332
0 0.9866666666666667 0.08 0.0225 0.0175
0 0.9666666666666667 0.10083333333333333 0.024166666666666666 0.024166666666666666
0 0.9775 0.056666666666666664 0.024166666666666666 0.025833333333333333
0 0.9458333333333333 0.1025 0.024166666666666666 0.024166666666666666