0 0.22666666666666666 0.41583333333333333 0.07583333333333334 0.0725
0 0.16333333333333333 0.24916666666666668 0.04083333333333333 0.0425
0 0.09166666666666666 0.30666666666666664 0.03916666666666667 0.05333333333333334
0 0.0325 0.2225 0.035 0.04083333333333333
0 0.43 0.8516666666666667 0.025833333333333333 0.03333333333333333
0 0.4666666666666667 0.8316666666666667 0.03 0.04083333333333333
0 0.505 0.9275 0.035 0.04833333333333333
0 0.5491666666666667 0.9016666666666666 0.0425 0.06333333333333334
0 0.5841666666666666 0.8725 0.03916666666666667 0.051666666666666666
0 0.6366666666666667 0.9816666666666667 0.03666666666666667 0.03333333333333333
0 0.7241666666666666 0.8483333333333334 0.04833333333333333 0.05583333333333333
0 0.295 0.4975 0.0275 0.03166666666666667
0 0.32666666666666666 0.4816666666666667 0.0275 0.03666666666666667
0 0.34 0.5275 0.035 0.03666666666666667
0 0.36583333333333334 0.5075 0.024166666666666666 0.03666666666666667
0 0.395 0.6433333333333333 0.03166666666666667 0.03166666666666667
0 0.4225 0.645 0.025833333333333333 0.03166666666666667
0 0.505 0.5891666666666666 0.02 0.03
0 0.425 0.625 0.02 0.0275
0 0.44666666666666666 0.6266666666666667 0.0225 0.03166666666666667
0 0.47583333333333333 0.6066666666666667 0.025833333333333333 0.03166666666666667
0 0.35833333333333334 0.5866666666666667 0.0275 0.03333333333333333
0 0.47 0.5116666666666667 0.0225 0.035
0 0.3883333333333333 0.5675 0.024166666666666666 0.024166666666666666
0 0.4175 0.5508333333333333 0.0275 0.0275
0 0.4425 0.5308333333333334 0.0225 0.03166666666666667
0 0.38 0.43666666666666665 0.025833333333333333 0.04083333333333333
0 0.43583333333333335 0.705 0.03166666666666667 0.03916666666666667
0 0.46 0.7058333333333333 0.024166666666666666 0.03333333333333333
0 0.4866666666666667 0.6833333333333333 0.03 0.04083333333333333
0 0.5158333333333334 0.6691666666666667 0.03166666666666667 0.03916666666666667
0 0.5216666666666666 0.6441666666666667 0.0275 0.03333333333333333
0 0.55 0.6275 0.03 0.03333333333333333