0 0.41083333333333333 0.83 0.021666666666666667 0.021666666666666667
0 0.7083333333333334 0.805 0.018333333333333333 0.023333333333333334
0 0.43916666666666665 0.7183333333333334 0.016666666666666666 0.02
0 0.4666666666666667 0.645 0.030833333333333334 0.029166666666666667
0 0.45916666666666667 0.6083333333333333 0.030833333333333334 0.0325
0 0.41833333333333333 0.5416666666666666 0.021666666666666667 0.021666666666666667
0 0.35833333333333334 0.48833333333333334 0.025 0.030833333333333334
0 0.3875 0.43666666666666665 0.021666666666666667 0.025
0 0.365 0.41 0.0275 0.030833333333333334
0 0.5341666666666667 0.3375 0.025 0.0275
0 0.20916666666666667 0.9383333333333334 0.023333333333333334 0.029166666666666667
0 0.25 0.1525 0.025 0.029166666666666667
0 0.6041666666666666 0.92 0.016666666666666666 0.021666666666666667
0 0.5625 0.9175 0.030833333333333334 0.034166666666666665