0 0.9883333333333333 0.6916666666666667 0.02 0.06333333333333334
0 0.99 0.7541666666666667 0.016666666666666666 0.06833333333333333
0 0.9533333333333334 0.785 0.06 0.06166666666666667
0 0.9008333333333334 0.7466666666666667 0.035 0.04416666666666667
0 0.8441666666666666 0.7233333333333334 0.05333333333333334 0.07083333333333333
0 0.7866666666666666 0.7008333333333333 0.04 0.04
0 0.85 0.6 0.06166666666666667 0.06916666666666667
0 0.7866666666666666 0.57 0.055 0.05333333333333334
0 0.735 0.67 0.055 0.06916666666666667
0 0.6791666666666667 0.6358333333333334 0.04416666666666667 0.06
0 0.5933333333333334 0.6566666666666666 0.03666666666666667 0.0325
0 0.5708333333333333 0.6891666666666667 0.04 0.03833333333333333
0 0.71 0.8866666666666667 0.03666666666666667 0.03666666666666667
0 0.7433333333333333 0.8908333333333334 0.035 0.025833333333333333
0 0.7633333333333333 0.92 0.06 0.03666666666666667
0 0.7625 0.9591666666666666 0.0475 0.035
0 0.6608333333333334 0.9875 0.041666666666666664 0.021666666666666667
0 0.49416666666666664 0.9591666666666666 0.021666666666666667 0.0275
0 0.43916666666666665 0.9 0.030833333333333334 0.021666666666666667
0 0.36916666666666664 0.8775 0.049166666666666664 0.050833333333333335
0 0.34833333333333333 0.9466666666666667 0.029166666666666667 0.025833333333333333
0 0.25916666666666666 0.905 0.07333333333333333 0.058333333333333334
0 0.29833333333333334 0.8433333333333334 0.06416666666666666 0.055
0 0.25416666666666665 0.8325 0.030833333333333334 0.04
0 0.21416666666666667 0.8116666666666666 0.041666666666666664 0.029166666666666667
0 0.23333333333333334 0.7383333333333333 0.0475 0.035
0 0.24833333333333332 0.7025 0.04 0.025833333333333333
0 0.25666666666666665 0.6641666666666667 0.035 0.0325
0 0.13166666666666665 0.6633333333333333 0.0475 0.04583333333333333
0 0.08416666666666667 0.725 0.050833333333333335 0.056666666666666664
0 0.0275 0.7491666666666666 0.03666666666666667 0.03833333333333333
0 0.01 0.6458333333333334 0.016666666666666666 0.0325
0 0.08583333333333333 0.535 0.0325 0.03666666666666667
0 0.013333333333333334 0.5041666666666667 0.023333333333333334 0.035
0 0.011666666666666667 0.3825 0.02 0.035
0 0.19333333333333333 0.44416666666666665 0.025833333333333333 0.0275
0 0.15666666666666668 0.4241666666666667 0.03666666666666667 0.041666666666666664
0 0.23666666666666666 0.3458333333333333 0.03833333333333333 0.041666666666666664
0 0.095 0.31916666666666665 0.0325 0.029166666666666667
0 0.59 0.9541666666666667 0.030833333333333334 0.029166666666666667
0 0.6816666666666666 0.25916666666666666 0.04583333333333333 0.03666666666666667
0 0.7375 0.018333333333333333 0.04 0.0325
0 0.6591666666666667 0.0425 0.050833333333333335 0.035
0 0.625 0.10333333333333333 0.06416666666666666 0.05333333333333334
0 0.5666666666666667 0.2125 0.0675 0.056666666666666664
0 0.5275 0.2841666666666667 0.04 0.030833333333333334
0 0.4658333333333333 0.215 0.041666666666666664 0.04
0 0.2275 0.10666666666666667 0.035 0.041666666666666664
0 0.20166666666666666 0.13166666666666665 0.03833333333333333 0.04
0 0.195 0.2 0.04416666666666667 0.035
0 0.30333333333333334 0.2783333333333333 0.04416666666666667 0.030833333333333334
0 0.06416666666666666 0.25583333333333336 0.050833333333333335 0.04416666666666667
0 0.46416666666666667 0.8291666666666667 0.02 0.023333333333333334
0 0.4525 0.9433333333333334 0.021666666666666667 0.025833333333333333
0 0.4266666666666667 0.9266666666666666 0.04 0.029166666666666667
0 0.46416666666666667 0.8525 0.035 0.025833333333333333