0 0.335 0.6525 0.023333333333333334 0.035
0 0.2683333333333333 0.6625 0.025833333333333333 0.029166666666666667
0 0.325 0.5091666666666667 0.025833333333333333 0.029166666666666667
0 0.2225 0.42833333333333334 0.04416666666666667 0.03833333333333333
0 0.04083333333333333 0.31166666666666665 0.035 0.03666666666666667
0 0.485 0.4725 0.03666666666666667 0.0325
0 0.7966666666666666 0.3491666666666667 0.030833333333333334 0.030833333333333334
0 0.8658333333333333 0.5275 0.035 0.025833333333333333
0 0.8691666666666666 0.6533333333333333 0.030833333333333334 0.0325
0 0.65 0.7091666666666666 0.0325 0.0275
0 0.4925 0.3233333333333333 0.021666666666666667 0.0325
0 0.23083333333333333 0.775 0.035 0.030833333333333334
0 0.53 0.8558333333333333 0.0275 0.021666666666666667
0 0.6016666666666667 0.8575 0.023333333333333334 0.03666666666666667
0 0.5025 0.785 0.030833333333333334 0.0325
0 0.5 0.6766666666666666 0.025833333333333333 0.025833333333333333
0 0.6316666666666667 0.3233333333333333 0.0325 0.029166666666666667
0 0.625 0.285 0.016666666666666666 0.018333333333333333
0 0.5416666666666666 0.2683333333333333 0.021666666666666667 0.029166666666666667
0 0.9783333333333334 0.525 0.029166666666666667 0.030833333333333334