0 0.15416666666666667 0.7825 0.08583333333333333 0.06916666666666667
0 0.16333333333333333 0.7141666666666666 0.07833333333333334 0.0675
0 0.16916666666666666 0.6475 0.07833333333333334 0.06583333333333333
0 0.16583333333333333 0.5283333333333333 0.06583333333333333 0.06416666666666666
0 0.6408333333333334 0.5866666666666667 0.055 0.056666666666666664
0 0.2966666666666667 0.7816666666666666 0.0675 0.0675
0 0.41083333333333333 0.7083333333333334 0.055 0.050833333333333335
0 0.30583333333333335 0.6375 0.03833333333333333 0.030833333333333334
0 0.415 0.6508333333333334 0.056666666666666664 0.049166666666666664
0 0.4741666666666667 0.6091666666666666 0.058333333333333334 0.06166666666666667
0 0.32 0.5383333333333333 0.04583333333333333 0.050833333333333335
0 0.38333333333333336 0.5516666666666666 0.050833333333333335 0.06
0 0.5166666666666667 0.7133333333333334 0.050833333333333335 0.04
0 0.9291666666666667 0.8341666666666666 0.0325 0.029166666666666667
0 0.8183333333333334 0.855 0.049166666666666664 0.030833333333333334
0 0.7191666666666666 0.8366666666666667 0.04 0.03833333333333333
0 0.4066666666666667 0.49333333333333335 0.0475 0.035
0 0.9491666666666667 0.6725 0.050833333333333335 0.04583333333333333
0 0.42916666666666664 0.6033333333333334 0.0325 0.035
0 0.6125 0.7766666666666666 0.041666666666666664 0.03833333333333333
0 0.6283333333333333 0.7216666666666667 0.049166666666666664 0.041666666666666664
0 0.5175 0.6733333333333333 0.03833333333333333 0.025833333333333333
0 0.43916666666666665 0.5533333333333333 0.041666666666666664 0.0475
0 0.5033333333333333 0.8133333333333334 0.029166666666666667 0.023333333333333334
0 0.6125 0.8241666666666667 0.030833333333333334 0.023333333333333334