0 0.49583333333333335 0.3825 0.04 0.049166666666666664
0 0.6216666666666667 0.4766666666666667 0.03666666666666667 0.043333333333333335
0 0.14333333333333334 0.6458333333333334 0.049166666666666664 0.0475
0 0.035 0.4975 0.05583333333333333 0.043333333333333335
0 0.49833333333333335 0.8008333333333333 0.049166666666666664 0.04583333333333333
0 0.7283333333333334 0.5525 0.03666666666666667 0.041666666666666664
0 0.7658333333333334 0.5825 0.03166666666666667 0.03833333333333333
0 0.8 0.6116666666666667 0.03666666666666667 0.04583333333333333
0 0.8408333333333333 0.6366666666666667 0.03833333333333333 0.04583333333333333
0 0.875 0.6666666666666666 0.04 0.050833333333333335
0 0.9125 0.6891666666666667 0.041666666666666664 0.049166666666666664