0 0.2325 0.4816666666666667 0.035 0.03666666666666667
0 0.26666666666666666 0.4825 0.0325 0.035
0 0.36916666666666664 0.5716666666666667 0.030833333333333334 0.030833333333333334
0 0.36916666666666664 0.4816666666666667 0.0275 0.0325
0 0.4025 0.4816666666666667 0.030833333333333334 0.029166666666666667
0 0.655 0.31416666666666665 0.021666666666666667 0.021666666666666667
0 0.6958333333333333 0.31333333333333335 0.0275 0.023333333333333334
0 0.7291666666666666 0.31 0.023333333333333334 0.025833333333333333
0 0.7883333333333333 0.30333333333333334 0.0325 0.03666666666666667
0 0.8208333333333333 0.31583333333333335 0.0325 0.03666666666666667
0 0.6333333333333333 0.48 0.029166666666666667 0.0325
0 0.54 0.5841666666666666 0.025833333333333333 0.029166666666666667
0 0.5733333333333334 0.5741666666666667 0.025833333333333333 0.035
0 0.9175 0.7708333333333334 0.029166666666666667 0.0275
0 0.9883333333333333 0.6658333333333334 0.02 0.025833333333333333
0 0.13333333333333333 0.8333333333333334 0.029166666666666667 0.03833333333333333
0 0.27 0.8341666666666666 0.0325 0.0325
0 0.4075 0.8325 0.035 0.03666666666666667
0 0.5533333333333333 0.835 0.025833333333333333 0.035
0 0.5825 0.8341666666666666 0.029166666666666667 0.0325
0 0.6166666666666667 0.83 0.0325 0.04
0 0.69 0.8291666666666667 0.025833333333333333 0.0275
0 0.7225 0.83 0.018333333333333333 0.021666666666666667
0 0.7708333333333334 0.8325 0.023333333333333334 0.021666666666666667
0 0.8041666666666667 0.8275 0.023333333333333334 0.023333333333333334
0 0.8283333333333334 0.8283333333333334 0.018333333333333333 0.021666666666666667
0 0.8525 0.8283333333333334 0.018333333333333333 0.025833333333333333
0 0.895 0.8275 0.02 0.023333333333333334
0 0.9416666666666667 0.8241666666666667 0.021666666666666667 0.023333333333333334
0 0.97 0.8233333333333334 0.02 0.025833333333333333
0 0.9916666666666667 0.8275 0.0125 0.023333333333333334
0 0.2758333333333333 0.9533333333333334 0.0325 0.035
0 0.31 0.9525 0.029166666666666667 0.0325
0 0.3458333333333333 0.955 0.0275 0.030833333333333334
0 0.4 0.9525 0.050833333333333335 0.04416666666666667
0 0.4508333333333333 0.9416666666666667 0.029166666666666667 0.029166666666666667
0 0.5666666666666667 0.9483333333333334 0.035 0.049166666666666664
0 0.6166666666666667 0.9491666666666667 0.03666666666666667 0.050833333333333335
0 0.655 0.9508333333333333 0.029166666666666667 0.0325
0 0.695 0.9508333333333333 0.0325 0.029166666666666667
0 0.7308333333333333 0.9933333333333333 0.0275 0.009166666666666667
0 0.7525 0.9458333333333333 0.02 0.0275
0 0.7758333333333334 0.9441666666666667 0.021666666666666667 0.0275
0 0.8808333333333334 0.9458333333333333 0.023333333333333334 0.0275
0 0.905 0.98 0.025833333333333333 0.025833333333333333
0 0.9191666666666667 0.9316666666666666 0.02 0.0275
0 0.9408333333333333 0.9316666666666666 0.016666666666666666 0.023333333333333334
0 0.9708333333333333 0.9808333333333333 0.018333333333333333 0.0275
0 0.9266666666666666 0.98 0.018333333333333333 0.025833333333333333
0 0.9483333333333334 0.9775 0.02 0.023333333333333334
0 0.99 0.9808333333333333 0.016666666666666666 0.030833333333333334
0 0.9941666666666666 0.9283333333333333 0.0075 0.0275