0 0.25083333333333335 0.37583333333333335 0.08166666666666667 0.0775
0 0.1825 0.1975 0.043333333333333335 0.04583333333333333
0 0.10583333333333333 0.25916666666666666 0.041666666666666664 0.0575
0 0.0425 0.16833333333333333 0.0375 0.043333333333333335
0 0.4683333333333333 0.8433333333333334 0.0275 0.035833333333333335
0 0.5083333333333333 0.8216666666666667 0.03166666666666667 0.043333333333333335
0 0.5483333333333333 0.925 0.0375 0.051666666666666666
0 0.5958333333333333 0.8966666666666666 0.04583333333333333 0.0675
0 0.6341666666666667 0.865 0.041666666666666664 0.05583333333333333
0 0.69 0.9808333333333333 0.04 0.035
0 0.7833333333333333 0.8391666666666666 0.051666666666666666 0.059166666666666666
0 0.32416666666666666 0.4633333333333333 0.03 0.03333333333333333
0 0.35833333333333334 0.44666666666666666 0.03 0.04
0 0.37166666666666665 0.49583333333333335 0.0375 0.04
0 0.4 0.4741666666666667 0.025833333333333333 0.04
0 0.43166666666666664 0.62 0.03333333333333333 0.03333333333333333
0 0.46 0.6216666666666667 0.0275 0.03333333333333333
0 0.5483333333333333 0.5616666666666666 0.021666666666666667 0.03166666666666667
0 0.4633333333333333 0.6 0.021666666666666667 0.03
0 0.48583333333333334 0.6025 0.024166666666666666 0.03333333333333333
0 0.5175 0.58 0.0275 0.03333333333333333
0 0.39166666666666666 0.5591666666666667 0.03 0.035833333333333335
0 0.5116666666666667 0.4791666666666667 0.024166666666666666 0.0375
0 0.42333333333333334 0.5383333333333333 0.025833333333333333 0.025833333333333333
0 0.455 0.5208333333333334 0.03 0.03
0 0.4825 0.49916666666666665 0.024166666666666666 0.03333333333333333
0 0.415 0.39916666666666667 0.0275 0.043333333333333335
0 0.475 0.6858333333333333 0.03333333333333333 0.041666666666666664
0 0.5008333333333334 0.6866666666666666 0.025833333333333333 0.035833333333333335
0 0.53 0.6625 0.03166666666666667 0.043333333333333335
0 0.5608333333333333 0.6475 0.03333333333333333 0.041666666666666664
0 0.5666666666666667 0.6208333333333333 0.03 0.035833333333333335
0 0.5975 0.6033333333333334 0.03166666666666667 0.035833333333333335