0 0.435 0.14583333333333334 0.04416666666666667 0.0325
0 0.7183333333333334 0.14833333333333334 0.04666666666666667 0.0425
0 0.6025 0.15833333333333333 0.05 0.04666666666666667
0 0.7158333333333333 0.19916666666666666 0.0425 0.0425
0 0.6033333333333334 0.20666666666666667 0.0525 0.05
0 0.7216666666666667 0.245 0.0425 0.0425
0 0.5508333333333333 0.24833333333333332 0.03666666666666667 0.03666666666666667
0 0.6033333333333334 0.25666666666666665 0.04833333333333333 0.04666666666666667
0 0.435 0.2683333333333333 0.04416666666666667 0.03833333333333333
0 0.4375 0.3308333333333333 0.0525 0.04083333333333333
0 0.43833333333333335 0.3883333333333333 0.04666666666666667 0.03833333333333333
0 0.5508333333333333 0.41 0.04083333333333333 0.03666666666666667
0 0.4375 0.4475 0.04083333333333333 0.035
0 0.43833333333333335 0.5083333333333333 0.05 0.0325
0 0.7108333333333333 0.565 0.0575 0.0675
0 0.43833333333333335 0.5733333333333334 0.0425 0.0425
0 0.58 0.7191666666666666 0.029166666666666667 0.029166666666666667
0 0.5775 0.7666666666666667 0.03833333333333333 0.035
0 0.58 0.8158333333333333 0.04083333333333333 0.03666666666666667
0 0.4425 0.8225 0.06916666666666667 0.06166666666666667
0 0.58 0.8666666666666667 0.04416666666666667 0.04666666666666667
0 0.445 0.8925 0.0675 0.06
0 0.5783333333333334 0.9158333333333334 0.04416666666666667 0.029166666666666667
0 0.45 0.9583333333333334 0.05416666666666667 0.04416666666666667
0 0.43666666666666665 0.08666666666666667 0.0425 0.030833333333333334
0 0.5475 0.08916666666666667 0.04416666666666667 0.03833333333333333
0 0.7783333333333333 0.09083333333333334 0.04666666666666667 0.0425
0 0.715 0.0975 0.04833333333333333 0.04083333333333333
0 0.6033333333333334 0.105 0.04833333333333333 0.04083333333333333