0 0.43 0.3541666666666667 0.043333333333333335 0.04666666666666667
0 0.3925 0.3725 0.03916666666666667 0.03916666666666667
0 0.3075 0.31166666666666665 0.043333333333333335 0.045
0 0.29833333333333334 0.42 0.03916666666666667 0.04833333333333333
0 0.22666666666666666 0.25 0.03916666666666667 0.043333333333333335
0 0.2 0.47 0.03916666666666667 0.041666666666666664
0 0.14583333333333334 0.505 0.03916666666666667 0.043333333333333335
0 0.4791666666666667 0.7266666666666667 0.0375 0.04666666666666667
0 0.43166666666666664 0.7541666666666667 0.03916666666666667 0.045
0 0.22 0.6791666666666667 0.0375 0.0375
0 0.13166666666666665 0.7525 0.0325 0.034166666666666665
0 0.22666666666666666 0.9141666666666667 0.043333333333333335 0.045
0 0.15 0.9191666666666667 0.0375 0.043333333333333335
0 0.6491666666666667 0.7991666666666667 0.04666666666666667 0.0375
0 0.3908333333333333 0.7716666666666666 0.0375 0.043333333333333335
0 0.27666666666666667 0.7858333333333334 0.035833333333333335 0.035833333333333335
0 0.26416666666666666 0.7533333333333333 0.021666666666666667 0.021666666666666667
0 0.24583333333333332 0.7483333333333333 0.02 0.021666666666666667
0 0.2841666666666667 0.3375 0.021666666666666667 0.02666666666666667
0 0.2658333333333333 0.35083333333333333 0.014166666666666666 0.018333333333333333
0 0.22333333333333333 0.345 0.018333333333333333 0.021666666666666667
0 0.18333333333333332 0.37083333333333335 0.018333333333333333 0.014166666666666666
0 0.2475 0.9525 0.041666666666666664 0.0375
0 0.37333333333333335 0.97 0.034166666666666665 0.034166666666666665
0 0.3516666666666667 0.9316666666666666 0.041666666666666664 0.035833333333333335
0 0.33416666666666667 0.88 0.025 0.02666666666666667
0 0.06833333333333333 0.5541666666666667 0.029166666666666667 0.035833333333333335
0 0.2425 0.3591666666666667 0.018333333333333333 0.015833333333333335
0 0.22083333333333333 0.37 0.014166666666666666 0.015833333333333335
0 0.2025 0.37833333333333335 0.02 0.02
0 0.1925 0.25416666666666665 0.014166666666666666 0.023333333333333334
0 0.17 0.2658333333333333 0.0125 0.018333333333333333
0 0.15083333333333335 0.275 0.018333333333333333 0.018333333333333333
0 0.14916666666666667 0.29833333333333334 0.010833333333333334 0.014166666666666666
0 0.17083333333333334 0.2875 0.018333333333333333 0.014166666666666666
0 0.19166666666666668 0.275 0.015833333333333335 0.010833333333333334