0 0.9858333333333333 0.33416666666666667 0.025 0.06166666666666667
0 0.7841666666666667 0.74 0.055 0.04666666666666667
0 0.775 0.6325 0.04833333333333333 0.06583333333333333
0 0.6016666666666667 0.5041666666666667 0.06416666666666666 0.051666666666666666
0 0.5875 0.43 0.056666666666666664 0.0625
0 0.4816666666666667 0.4175 0.04416666666666667 0.055
0 0.5216666666666666 0.6283333333333333 0.05 0.05333333333333334
0 0.38333333333333336 0.43083333333333335 0.04416666666666667 0.05333333333333334
0 0.2758333333333333 0.4691666666666667 0.05 0.04833333333333333
0 0.3016666666666667 0.6108333333333333 0.055 0.051666666666666666
0 0.29083333333333333 0.69 0.04833333333333333 0.04666666666666667
0 0.23083333333333333 0.8758333333333334 0.04416666666666667 0.05
0 0.15666666666666668 0.7366666666666667 0.05 0.06416666666666666
0 0.055 0.6566666666666666 0.060833333333333336 0.04666666666666667
0 0.0275 0.4716666666666667 0.051666666666666666 0.05