0 0.5016666666666667 0.1625 0.03916666666666667 0.030833333333333334
0 0.6008333333333333 0.15416666666666667 0.035 0.021666666666666667
0 0.5958333333333333 0.18333333333333332 0.025 0.025
0 0.6 0.20916666666666667 0.03666666666666667 0.019166666666666665
0 0.6025 0.2325 0.035 0.023333333333333334
0 0.6058333333333333 0.26166666666666666 0.04083333333333333 0.0275
0 0.6025 0.3358333333333333 0.030833333333333334 0.021666666666666667
0 0.6033333333333334 0.3625 0.03666666666666667 0.0275
0 0.6058333333333333 0.38916666666666666 0.029166666666666667 0.0275
0 0.6225 0.4275 0.0275 0.025
0 0.605 0.44083333333333335 0.0275 0.021666666666666667
0 0.48333333333333334 0.5116666666666667 0.04833333333333333 0.0425
0 0.4175 0.49833333333333335 0.03333333333333333 0.0275
0 0.3875 0.4925 0.030833333333333334 0.0275
0 0.5575 0.5891666666666666 0.0675 0.06166666666666667
0 0.5116666666666667 0.6733333333333333 0.0425 0.03666666666666667
0 0.48 0.6608333333333334 0.029166666666666667 0.0275
0 0.4575 0.6416666666666667 0.023333333333333334 0.0275
0 0.44416666666666665 0.7283333333333334 0.05416666666666667 0.05
0 0.41 0.7058333333333333 0.04416666666666667 0.0425
0 0.365 0.8058333333333333 0.04083333333333333 0.035
0 0.355 0.8391666666666666 0.0425 0.035
0 0.33166666666666667 0.875 0.0425 0.04083333333333333
0 0.31083333333333335 0.905 0.021666666666666667 0.019166666666666665