0 0.05583333333333333 0.7333333333333333 0.058333333333333334 0.07583333333333334
0 0.20333333333333334 0.7458333333333333 0.06166666666666667 0.06166666666666667
0 0.28 0.75 0.06416666666666666 0.07
0 0.3408333333333333 0.7416666666666667 0.06583333333333333 0.07166666666666667
0 0.465 0.7358333333333333 0.06583333333333333 0.07166666666666667
0 0.5375 0.7308333333333333 0.06416666666666666 0.07333333333333333
0 0.6025 0.7258333333333333 0.058333333333333334 0.07916666666666666
0 0.8108333333333333 0.4708333333333333 0.07583333333333334 0.05416666666666667
0 0.815 0.5341666666666667 0.07583333333333334 0.06
0 0.8216666666666667 0.6716666666666666 0.05416666666666667 0.05583333333333333
0 0.8233333333333334 0.7383333333333333 0.06583333333333333 0.05416666666666667
0 0.9608333333333333 0.7808333333333334 0.05416666666666667 0.06166666666666667
0 0.6641666666666667 0.725 0.05583333333333333 0.06583333333333333
0 0.06333333333333334 0.9883333333333333 0.06416666666666666 0.019166666666666665
0 0.6483333333333333 0.8866666666666667 0.04083333333333333 0.0525
0 0.8433333333333334 0.935 0.0775 0.05583333333333333
0 0.8275 0.8058333333333333 0.058333333333333334 0.03916666666666667