0 0.23083333333333333 0.45666666666666667 0.0325 0.035
0 0.2633333333333333 0.4575 0.030833333333333334 0.0325
0 0.36083333333333334 0.5425 0.029166666666666667 0.029166666666666667
0 0.36083333333333334 0.45666666666666667 0.025833333333333333 0.030833333333333334
0 0.39166666666666666 0.45666666666666667 0.029166666666666667 0.0275
0 0.6316666666666667 0.2975 0.020833333333333332 0.020833333333333332
0 0.67 0.2966666666666667 0.025833333333333333 0.0225
0 0.7016666666666667 0.2941666666666667 0.0225 0.024166666666666666
0 0.7575 0.2875 0.030833333333333334 0.035
0 0.7891666666666667 0.2991666666666667 0.030833333333333334 0.035
0 0.6108333333333333 0.455 0.0275 0.030833333333333334
0 0.5225 0.5533333333333333 0.024166666666666666 0.0275
0 0.5533333333333333 0.5441666666666667 0.024166666666666666 0.0325
0 0.8808333333333334 0.7308333333333333 0.0275 0.025833333333333333
0 0.95 0.6308333333333334 0.024166666666666666 0.0225
0 0.13666666666666666 0.79 0.0275 0.03666666666666667
0 0.26666666666666666 0.7908333333333334 0.030833333333333334 0.030833333333333334
0 0.39666666666666667 0.7891666666666667 0.0325 0.035
0 0.535 0.7916666666666666 0.024166666666666666 0.0325
0 0.5625 0.7908333333333334 0.0275 0.030833333333333334
0 0.595 0.7875 0.030833333333333334 0.03833333333333333
0 0.6641666666666667 0.7866666666666666 0.024166666666666666 0.025833333333333333
0 0.6958333333333333 0.7875 0.0175 0.020833333333333332
0 0.7416666666666667 0.7891666666666667 0.0225 0.020833333333333332
0 0.7725 0.785 0.0225 0.0225
0 0.7958333333333333 0.7858333333333334 0.0175 0.020833333333333332
0 0.8183333333333334 0.7858333333333334 0.0175 0.024166666666666666
0 0.8591666666666666 0.785 0.019166666666666665 0.0225
0 0.9033333333333333 0.7808333333333334 0.020833333333333332 0.0225
0 0.93 0.78 0.019166666666666665 0.024166666666666666
0 0.9541666666666667 0.7833333333333333 0.019166666666666665 0.020833333333333332
0 0.9791666666666666 0.7808333333333334 0.024166666666666666 0.0225
0 0.27166666666666667 0.9041666666666667 0.030833333333333334 0.0325
0 0.30416666666666664 0.9033333333333333 0.0275 0.030833333333333334
0 0.3383333333333333 0.9058333333333334 0.025833333333333333 0.029166666666666667
0 0.38916666666666666 0.9033333333333333 0.04833333333333333 0.041666666666666664
0 0.4375 0.8925 0.0275 0.0275
0 0.5475 0.8991666666666667 0.0325 0.04666666666666667
0 0.595 0.9 0.035 0.04833333333333333
0 0.6316666666666667 0.9016666666666666 0.0275 0.030833333333333334
0 0.6691666666666667 0.9016666666666666 0.030833333333333334 0.0275
0 0.7025 0.9516666666666667 0.024166666666666666 0.0275
0 0.7241666666666666 0.8966666666666666 0.019166666666666665 0.025833333333333333
0 0.7458333333333333 0.895 0.020833333333333332 0.025833333333333333
0 0.845 0.8966666666666666 0.0225 0.025833333333333333
0 0.8683333333333333 0.9291666666666667 0.024166666666666666 0.024166666666666666
0 0.8816666666666667 0.8833333333333333 0.019166666666666665 0.025833333333333333
0 0.9025 0.8833333333333333 0.015833333333333335 0.0225
0 0.9308333333333333 0.93 0.0175 0.025833333333333333
0 0.8891666666666667 0.9291666666666667 0.0175 0.024166666666666666
0 0.9091666666666667 0.9266666666666666 0.019166666666666665 0.0225
0 0.9508333333333333 0.9291666666666667 0.019166666666666665 0.0275
0 0.9725 0.9283333333333333 0.0175 0.0225
0 0.9966666666666667 0.8866666666666667 0.0033333333333333335 0.0225
0 0.995 0.9025 0.006666666666666667 0.019166666666666665
0 0.9825 0.8808333333333334 0.024166666666666666 0.024166666666666666
0 0.99 0.9258333333333333 0.0175 0.0275
0 0.9616666666666667 0.8791666666666667 0.024166666666666666 0.024166666666666666