0 0.8525 0.7225 0.03166666666666667 0.04083333333333333
0 0.9525 0.715 0.035 0.04833333333333333
0 0.44916666666666666 0.6733333333333333 0.03166666666666667 0.035
0 0.7141666666666666 0.6441666666666667 0.08666666666666667 0.085
0 0.48333333333333334 0.6408333333333334 0.04416666666666667 0.04416666666666667
0 0.35333333333333333 0.5916666666666667 0.03333333333333333 0.0275
0 0.6991666666666667 0.5675 0.0575 0.05
0 0.34 0.545 0.05333333333333334 0.05
0 0.48 0.5416666666666666 0.051666666666666666 0.05333333333333334
0 0.6158333333333333 0.51 0.04666666666666667 0.05
0 0.32166666666666666 0.49166666666666664 0.05 0.05
0 0.46416666666666667 0.48833333333333334 0.05 0.05333333333333334
0 0.675 0.45916666666666667 0.05333333333333334 0.051666666666666666
0 0.4508333333333333 0.4266666666666667 0.0575 0.05
0 0.2725 0.41833333333333333 0.08166666666666667 0.0775
0 0.4325 0.36333333333333334 0.05 0.051666666666666666
0 0.6341666666666667 0.2916666666666667 0.065 0.05333333333333334
0 0.8816666666666667 0.9741666666666666 0.04416666666666667 0.03333333333333333
0 0.41583333333333333 0.2816666666666667 0.05 0.051666666666666666
0 0.395 0.2225 0.04666666666666667 0.04416666666666667
0 0.6016666666666667 0.17416666666666666 0.03333333333333333 0.03333333333333333
0 0.24083333333333334 0.15583333333333332 0.08166666666666667 0.08166666666666667
0 0.5966666666666667 0.11916666666666667 0.051666666666666666 0.04666666666666667
0 0.365 0.08583333333333333 0.04833333333333333 0.04666666666666667
0 0.5841666666666666 0.06666666666666667 0.05 0.04833333333333333
0 0.24166666666666667 0.0525 0.03916666666666667 0.035
0 0.0075 0.034166666666666665 0.015 0.03916666666666667
0 0.5766666666666667 0.021666666666666667 0.0575 0.03916666666666667
0 0.22666666666666666 0.015 0.03916666666666667 0.025833333333333333