0 0.25833333333333336 0.39416666666666667 0.06833333333333333 0.065
0 0.3625 0.3925 0.06333333333333334 0.065
0 0.050833333333333335 0.465 0.056666666666666664 0.05
0 0.1875 0.4625 0.05333333333333334 0.04083333333333333
0 0.12583333333333332 0.3925 0.04583333333333333 0.051666666666666666
0 0.48083333333333333 0.39 0.065 0.065
0 0.5833333333333334 0.39 0.06 0.06166666666666667
0 0.8341666666666666 0.5183333333333333 0.058333333333333334 0.06
0 0.9766666666666667 0.475 0.0425 0.05
0 0.695 0.6566666666666666 0.034166666666666665 0.05
0 0.7233333333333334 0.6308333333333334 0.0425 0.03916666666666667
0 0.7533333333333333 0.6575 0.0375 0.04083333333333333
0 0.7691666666666667 0.5383333333333333 0.0375 0.03916666666666667
0 0.8416666666666667 0.6458333333333334 0.0425 0.04416666666666667
0 0.66 0.9791666666666666 0.035833333333333335 0.04083333333333333
0 0.6983333333333334 0.97 0.0375 0.0425
0 0.6333333333333333 0.8333333333333334 0.0375 0.0425
0 0.7625 0.8216666666666667 0.035833333333333335 0.04083333333333333
0 0.8475 0.895 0.04833333333333333 0.04583333333333333
0 0.8091666666666667 0.8391666666666666 0.035833333333333335 0.034166666666666665
0 0.745 0.9625 0.034166666666666665 0.04083333333333333