0 0.5925 0.36083333333333334 0.03166666666666667 0.028333333333333332
0 0.5566666666666666 0.4925 0.03166666666666667 0.04083333333333333
0 0.315 0.5875 0.03333333333333333 0.045
0 0.325 0.7275 0.03 0.0375
0 0.15 0.6241666666666666 0.024166666666666666 0.03166666666666667
0 0.085 0.58 0.03166666666666667 0.0375
0 0.056666666666666664 0.56 0.03166666666666667 0.0375
0 0.029166666666666667 0.5416666666666666 0.035833333333333335 0.035833333333333335
0 0.10083333333333333 0.005833333333333334 0.04083333333333333 0.0075
0 0.0925 0.11583333333333333 0.03166666666666667 0.0375
0 0.11166666666666666 0.1475 0.0375 0.03333333333333333
0 0.005833333333333334 0.2866666666666667 0.010833333333333334 0.035833333333333335
0 0.03666666666666667 0.3275 0.020833333333333332 0.028333333333333332
0 0.06333333333333334 0.3175 0.03 0.0375
0 0.185 0.24666666666666667 0.03 0.03
0 0.21083333333333334 0.2708333333333333 0.0375 0.03333333333333333
0 0.24 0.36 0.03916666666666667 0.03333333333333333
0 0.24416666666666667 0.4708333333333333 0.03 0.03916666666666667
0 0.4708333333333333 0.315 0.035833333333333335 0.045
0 0.3125 0.4533333333333333 0.028333333333333332 0.03
0 0.825 0.3566666666666667 0.025833333333333333 0.03
0 0.8283333333333334 0.98 0.04 0.03666666666666667
0 0.8608333333333333 0.9916666666666667 0.035 0.013333333333333334