0 0.16416666666666666 0.265 0.03333333333333333 0.03333333333333333
0 0.3016666666666667 0.3825 0.028333333333333332 0.025833333333333333
0 0.5608333333333333 0.38 0.03166666666666667 0.03166666666666667
0 0.325 0.265 0.0375 0.04083333333333333
0 0.32666666666666666 0.22583333333333333 0.03333333333333333 0.0375
0 0.255 0.20833333333333334 0.03166666666666667 0.028333333333333332
0 0.09333333333333334 0.4741666666666667 0.03 0.025833333333333333
0 0.2125 0.6691666666666667 0.025833333333333333 0.03166666666666667
0 0.08916666666666667 0.38166666666666665 0.03333333333333333 0.028333333333333332
0 0.21333333333333335 0.38166666666666665 0.020833333333333332 0.016666666666666666
0 0.016666666666666666 0.2325 0.03 0.028333333333333332
0 0.8125 0.2758333333333333 0.024166666666666666 0.03
0 0.22666666666666666 0.8116666666666666 0.024166666666666666 0.0375
0 0.013333333333333334 0.8125 0.025833333333333333 0.03916666666666667
0 0.1175 0.9125 0.03 0.04083333333333333
0 0.8975 0.2758333333333333 0.018333333333333333 0.03
0 0.9908333333333333 0.2525 0.015 0.028333333333333332
0 0.6433333333333333 0.010833333333333334 0.023333333333333334 0.021666666666666667
0 0.3225 0.016666666666666666 0.03 0.03333333333333333
0 0.04083333333333333 0.115 0.03333333333333333 0.03166666666666667
0 0.9091666666666667 0.185 0.024166666666666666 0.025833333333333333
0 0.8366666666666667 0.19666666666666666 0.03166666666666667 0.028333333333333332
0 0.8675 0.27416666666666667 0.0225 0.03
0 0.8358333333333333 0.22916666666666666 0.03 0.025833333333333333
0 0.8433333333333334 0.2575 0.0225 0.025833333333333333
0 0.8425 0.0125 0.028333333333333332 0.024166666666666666
0 0.9108333333333334 0.21666666666666667 0.03 0.025833333333333333
0 0.23333333333333334 0.855 0.03 0.035833333333333335