0 0.9108333333333334 0.6608333333333334 0.0425 0.03916666666666667
0 0.8408333333333333 0.5133333333333333 0.035 0.035
0 0.74 0.48 0.0275 0.029166666666666667
0 0.7033333333333334 0.48 0.030833333333333334 0.04083333333333333
0 0.6658333333333334 0.49 0.03333333333333333 0.03916666666666667
0 0.6333333333333333 0.505 0.030833333333333334 0.03666666666666667
0 0.5916666666666667 0.4741666666666667 0.03333333333333333 0.029166666666666667
0 0.5691666666666667 0.5733333333333334 0.03666666666666667 0.0275
0 0.5575 0.6291666666666667 0.029166666666666667 0.021666666666666667
0 0.46416666666666667 0.4475 0.03333333333333333 0.030833333333333334
0 0.25 0.3575 0.03916666666666667 0.03333333333333333