0 0.6833333333333333 0.18416666666666667 0.04666666666666667 0.045
0 0.6041666666666666 0.26 0.056666666666666664 0.050833333333333335
0 0.6441666666666667 0.31666666666666665 0.055 0.058333333333333334
0 0.6975 0.2966666666666667 0.04666666666666667 0.04666666666666667
0 0.0375 0.3433333333333333 0.043333333333333335 0.050833333333333335
0 0.024166666666666666 0.36833333333333335 0.0375 0.049166666666666664
0 0.03833333333333333 0.4141666666666667 0.049166666666666664 0.03916666666666667
0 0.05 0.4525 0.049166666666666664 0.0375
0 0.15416666666666667 0.44916666666666666 0.055 0.050833333333333335
0 0.3541666666666667 0.5216666666666666 0.045 0.050833333333333335
0 0.18083333333333335 0.5716666666666667 0.04083333333333333 0.0375
0 0.20916666666666667 0.6358333333333334 0.0625 0.060833333333333336
0 0.25 0.6975 0.08166666666666667 0.08166666666666667
0 0.29083333333333333 0.7875 0.09333333333333334 0.10166666666666667
0 0.41583333333333333 0.7216666666666667 0.043333333333333335 0.045
0 0.4025 0.6691666666666667 0.04666666666666667 0.049166666666666664
0 0.3858333333333333 0.62 0.04083333333333333 0.049166666666666664
0 0.5283333333333333 0.5775 0.049166666666666664 0.04083333333333333
0 0.5441666666666667 0.6291666666666667 0.049166666666666664 0.043333333333333335
0 0.5575 0.7066666666666667 0.0375 0.03916666666666667
0 0.5333333333333333 0.75 0.04666666666666667 0.035
0 0.28833333333333333 0.8841666666666667 0.0525 0.0525