0 0.05583333333333333 0.575 0.024166666666666666 0.024166666666666666
0 0.24083333333333334 0.5225 0.0275 0.03166666666666667
0 0.30083333333333334 0.5183333333333333 0.025833333333333333 0.025833333333333333
0 0.3958333333333333 0.5175 0.0175 0.0175
0 0.4216666666666667 0.5175 0.0175 0.0175
0 0.5 0.5758333333333333 0.035 0.03666666666666667
0 0.54 0.5641666666666667 0.0175 0.0175
0 0.5275 0.5016666666666667 0.0275 0.035
0 0.7033333333333334 0.5041666666666667 0.04 0.04
0 0.7475 0.5033333333333333 0.03833333333333333 0.041666666666666664
0 0.7875 0.5016666666666667 0.035 0.041666666666666664
0 0.83 0.5 0.04 0.041666666666666664
0 0.8733333333333333 0.4975 0.04 0.03666666666666667