0 0.1075 0.9683333333333334 0.09166666666666666 0.06
0 0.20583333333333334 0.9683333333333334 0.085 0.06
0 0.23666666666666666 0.8275 0.0525 0.0675
0 0.275 0.6816666666666666 0.04083333333333333 0.0425
0 0.12416666666666666 0.5741666666666667 0.0325 0.04083333333333333
0 0.16666666666666666 0.5716666666666667 0.0325 0.05
0 0.0325 0.9816666666666667 0.03166666666666667 0.03333333333333333
0 0.7358333333333333 0.5791666666666667 0.06916666666666667 0.0575
0 0.7125 0.5291666666666667 0.06166666666666667 0.05416666666666667
0 0.145 0.47 0.030833333333333334 0.04416666666666667
0 0.12666666666666668 0.44416666666666665 0.03666666666666667 0.04666666666666667
0 0.87 0.9425 0.0525 0.05
0 0.9708333333333333 0.8133333333333334 0.05416666666666667 0.0525
0 0.8591666666666666 0.8125 0.05 0.06583333333333333
0 0.7366666666666667 0.7558333333333334 0.05583333333333333 0.05583333333333333