0 0.9725 0.7183333333333334 0.051666666666666666 0.08
0 0.8275 0.73 0.06333333333333334 0.06333333333333334
0 0.7491666666666666 0.7341666666666666 0.06583333333333333 0.07166666666666667
0 0.6866666666666666 0.725 0.0675 0.07333333333333333
0 0.5591666666666667 0.7191666666666666 0.0675 0.07333333333333333
0 0.485 0.7141666666666666 0.06583333333333333 0.075
0 0.41833333333333333 0.7091666666666666 0.059166666666666666 0.08166666666666667
0 0.205 0.4483333333333333 0.0775 0.05583333333333333
0 0.20166666666666666 0.5125 0.0775 0.06166666666666667
0 0.19416666666666665 0.6541666666666667 0.05583333333333333 0.0575
0 0.1925 0.7225 0.0675 0.05583333333333333
0 0.051666666666666666 0.7658333333333334 0.05583333333333333 0.06333333333333334
0 0.35583333333333333 0.7083333333333334 0.0575 0.0675
0 0.9683333333333334 0.9841666666666666 0.06 0.03166666666666667
0 0.37166666666666665 0.8741666666666666 0.041666666666666664 0.05333333333333334
0 0.1725 0.9233333333333333 0.07916666666666666 0.0575
0 0.18833333333333332 0.7916666666666666 0.059166666666666666 0.04