0 0.6783333333333333 0.5083333333333333 0.043333333333333335 0.045
0 0.5575 0.6116666666666667 0.03833333333333333 0.045
0 0.5158333333333334 0.645 0.045 0.045
0 0.31916666666666665 0.8208333333333333 0.045 0.049166666666666664
0 0.25666666666666665 0.7575 0.04666666666666667 0.045
0 0.25416666666666665 0.6433333333333333 0.06583333333333333 0.075
0 0.1925 0.6733333333333333 0.043333333333333335 0.043333333333333335
0 0.30583333333333335 0.5791666666666667 0.043333333333333335 0.04666666666666667
0 0.2758333333333333 0.8575 0.04666666666666667 0.045
0 0.23416666666666666 0.8908333333333334 0.04 0.043333333333333335
0 0.19083333333333333 0.9266666666666666 0.04 0.03833333333333333
0 0.14916666666666667 0.9616666666666667 0.043333333333333335 0.045
0 0.43333333333333335 0.4683333333333333 0.04666666666666667 0.045
0 0.4841666666666667 0.42833333333333334 0.041666666666666664 0.045
0 0.535 0.385 0.045 0.05583333333333333
0 0.5833333333333334 0.3375 0.03833333333333333 0.04666666666666667
0 0.6375 0.29333333333333333 0.041666666666666664 0.050833333333333335
0 0.87 0.31833333333333336 0.043333333333333335 0.050833333333333335
0 0.915 0.28 0.045 0.050833333333333335
0 0.9541666666666667 0.2425 0.04 0.045