0 0.43416666666666665 0.7683333333333333 0.07 0.07583333333333334
0 0.525 0.7666666666666667 0.08166666666666667 0.07166666666666667
0 0.6025 0.7575 0.08166666666666667 0.0775
0 0.6683333333333333 0.7608333333333334 0.05 0.06
0 0.7316666666666667 0.7166666666666667 0.07166666666666667 0.06583333333333333
0 0.1425 0.9725 0.04416666666666667 0.035
0 0.2725 0.97 0.04416666666666667 0.029166666666666667
0 0.39666666666666667 0.9608333333333333 0.04083333333333333 0.023333333333333334
0 0.7891666666666667 0.3275 0.07333333333333333 0.058333333333333334
0 0.7266666666666667 0.465 0.085 0.06583333333333333
0 0.7375 0.6425 0.08333333333333333 0.0675
0 0.7241666666666666 0.5633333333333334 0.095 0.0675