0 0.04416666666666667 0.2775 0.0175 0.015833333333333335
0 0.08166666666666667 0.31583333333333335 0.0175 0.021666666666666667
0 0.13416666666666666 0.1775 0.02 0.02
0 0.1625 0.17583333333333334 0.0175 0.021666666666666667
0 0.19083333333333333 0.17416666666666666 0.02 0.025833333333333333
0 0.22083333333333333 0.16916666666666666 0.02 0.023333333333333334
0 0.35333333333333333 0.15 0.029166666666666667 0.035833333333333335
0 0.5433333333333333 0.13083333333333333 0.015833333333333335 0.021666666666666667
0 0.5716666666666667 0.12833333333333333 0.0175 0.023333333333333334
0 0.32666666666666666 0.3466666666666667 0.03166666666666667 0.035833333333333335
0 0.1975 0.36 0.029166666666666667 0.035833333333333335
0 0.025833333333333333 0.8333333333333334 0.02 0.021666666666666667
0 0.043333333333333335 0.7775 0.015833333333333335 0.023333333333333334
0 0.16083333333333333 0.6925 0.029166666666666667 0.035833333333333335
0 0.2575 0.36583333333333334 0.02 0.02
0 0.38666666666666666 0.3908333333333333 0.0175 0.0175
0 0.39666666666666667 0.36583333333333334 0.021666666666666667 0.02
0 0.5466666666666666 0.30916666666666665 0.0175 0.023333333333333334
0 0.6041666666666666 0.30083333333333334 0.015833333333333335 0.023333333333333334
0 0.6841666666666667 0.37083333333333335 0.021666666666666667 0.025833333333333333
0 0.6966666666666667 0.3458333333333333 0.02 0.0175
0 0.6866666666666666 0.295 0.02 0.015833333333333335
0 0.6958333333333333 0.3175 0.021666666666666667 0.021666666666666667
0 0.7391666666666666 0.37166666666666665 0.0375 0.03916666666666667
0 0.7866666666666666 0.32 0.021666666666666667 0.021666666666666667
0 0.6508333333333334 0.5175 0.045 0.059166666666666666
0 0.7133333333333334 0.5591666666666667 0.03333333333333333 0.035833333333333335
0 0.6808333333333333 0.6358333333333334 0.0275 0.035833333333333335
0 0.7166666666666667 0.6358333333333334 0.03166666666666667 0.035833333333333335
0 0.6641666666666667 0.7283333333333334 0.03333333333333333 0.035833333333333335
0 0.6258333333333334 0.7333333333333333 0.02 0.025833333333333333
0 0.5916666666666667 0.745 0.029166666666666667 0.0375
0 0.5591666666666667 0.7541666666666667 0.02 0.02
0 0.5283333333333333 0.7425 0.0375 0.043333333333333335
0 0.5108333333333334 0.7216666666666667 0.021666666666666667 0.0175
0 0.43666666666666665 0.7708333333333334 0.02 0.0175
0 0.4141666666666667 0.7175 0.021666666666666667 0.0175
0 0.44166666666666665 0.6791666666666667 0.0175 0.015833333333333335
0 0.44083333333333335 0.6625 0.02 0.021666666666666667
0 0.7841666666666667 0.8958333333333334 0.041666666666666664 0.03916666666666667
0 0.6975 0.9516666666666667 0.029166666666666667 0.021666666666666667