0 0.8625 0.895 0.07 0.06
0 0.8591666666666666 0.8241666666666667 0.07 0.055
0 0.8616666666666667 0.745 0.06833333333333333 0.056666666666666664
0 0.8633333333333333 0.6783333333333333 0.07833333333333334 0.056666666666666664
0 0.8625 0.6108333333333333 0.06666666666666667 0.055
0 0.8583333333333333 0.55 0.08166666666666667 0.0525
0 0.9758333333333333 0.6116666666666667 0.0475 0.04583333333333333
0 0.9775 0.6775 0.04416666666666667 0.050833333333333335
0 0.9775 0.7983333333333333 0.04416666666666667 0.04083333333333333
0 0.9741666666666666 0.8641666666666666 0.050833333333333335 0.03916666666666667
0 0.9775 0.925 0.04416666666666667 0.0375
0 0.6925 0.9008333333333334 0.06166666666666667 0.04083333333333333
0 0.6933333333333334 0.8108333333333333 0.06 0.0375
0 0.6991666666666667 0.74 0.06 0.0425
0 0.5666666666666667 0.5541666666666667 0.06166666666666667 0.049166666666666664
0 0.56 0.6158333333333333 0.07166666666666667 0.0475
0 0.5558333333333333 0.68 0.06666666666666667 0.0425
0 0.5616666666666666 0.7475 0.075 0.050833333333333335
0 0.27666666666666667 0.8966666666666666 0.07833333333333334 0.056666666666666664
0 0.4 0.7375 0.07 0.0475
0 0.39916666666666667 0.635 0.085 0.055
0 0.3925 0.5341666666666667 0.04083333333333333 0.055
0 0.3358333333333333 0.5358333333333334 0.058333333333333334 0.065
0 0.315 0.4525 0.07 0.06166666666666667
0 0.07333333333333333 0.365 0.0475 0.034166666666666665
0 0.023333333333333334 0.5775 0.0425 0.06333333333333334
0 0.0275 0.7075 0.050833333333333335 0.0525
0 0.05416666666666667 0.815 0.06666666666666667 0.056666666666666664
0 0.03916666666666667 0.9758333333333333 0.075 0.0475
0 0.2725 0.7433333333333333 0.06666666666666667 0.056666666666666664
0 0.275 0.6791666666666667 0.055 0.0475
0 0.26916666666666667 0.6158333333333333 0.06333333333333334 0.058333333333333334
0 0.2758333333333333 0.535 0.056666666666666664 0.06333333333333334