0 0.020833333333333332 0.3883333333333333 0.041666666666666664 0.06
0 0.23 0.7908333333333334 0.05416666666666667 0.04583333333333333
0 0.23833333333333334 0.6841666666666667 0.0475 0.065
0 0.41 0.5575 0.06333333333333334 0.050833333333333335
0 0.4241666666666667 0.48333333333333334 0.056666666666666664 0.06166666666666667
0 0.5291666666666667 0.4708333333333333 0.04416666666666667 0.05416666666666667
0 0.4891666666666667 0.6791666666666667 0.049166666666666664 0.0525
0 0.6258333333333334 0.4841666666666667 0.04416666666666667 0.0525
0 0.7325 0.5216666666666666 0.049166666666666664 0.0475
0 0.7066666666666667 0.6625 0.05416666666666667 0.050833333333333335
0 0.7175 0.7408333333333333 0.0475 0.04583333333333333
0 0.7775 0.9241666666666667 0.04416666666666667 0.049166666666666664
0 0.85 0.7866666666666666 0.049166666666666664 0.06333333333333334
0 0.9508333333333333 0.7075 0.06 0.04583333333333333
0 0.975 0.525 0.04583333333333333 0.049166666666666664