0 0.33666666666666667 0.3616666666666667 0.04416666666666667 0.035
0 0.36916666666666664 0.2925 0.0425 0.03666666666666667
0 0.15666666666666668 0.13083333333333333 0.060833333333333336 0.06833333333333333
0 0.06 0.5016666666666667 0.04666666666666667 0.04833333333333333
0 0.1225 0.495 0.03666666666666667 0.0425
0 0.175 0.4766666666666667 0.0425 0.04666666666666667
0 0.265 0.6333333333333333 0.03666666666666667 0.03666666666666667
0 0.16416666666666666 0.6666666666666666 0.035 0.03666666666666667
0 0.1 0.6833333333333333 0.03333333333333333 0.04833333333333333
0 0.19333333333333333 0.24 0.0425 0.035
0 0.18166666666666667 0.185 0.06333333333333334 0.051666666666666666
0 0.0125 0.165 0.025 0.06666666666666667