0 0.8908333333333334 0.455 0.03166666666666667 0.043333333333333335
0 0.9091666666666667 0.3858333333333333 0.0375 0.03333333333333333
0 0.9041666666666667 0.3466666666666667 0.0275 0.029166666666666667
0 0.4766666666666667 0.4875 0.0275 0.025
0 0.5283333333333333 0.43083333333333335 0.03333333333333333 0.03333333333333333
0 0.6191666666666666 0.5275 0.03166666666666667 0.035
0 0.5858333333333333 0.5341666666666667 0.03166666666666667 0.03333333333333333
0 0.5241666666666667 0.49666666666666665 0.029166666666666667 0.029166666666666667
0 0.9366666666666666 0.345 0.025 0.021666666666666667
0 0.32 0.5075 0.023333333333333334 0.023333333333333334
0 0.2775 0.51 0.023333333333333334 0.019166666666666665
0 0.9616666666666667 0.38166666666666665 0.025 0.029166666666666667