0 0.3983333333333333 0.9308333333333333 0.04083333333333333 0.034166666666666665
0 0.020833333333333332 0.7058333333333333 0.034166666666666665 0.025
0 0.014166666666666666 0.37333333333333335 0.028333333333333332 0.023333333333333334
0 0.2975 0.015833333333333335 0.060833333333333336 0.028333333333333332
0 0.30916666666666665 0.1375 0.04833333333333333 0.045
0 0.4008333333333333 0.1675 0.045 0.04833333333333333
0 0.485 0.16416666666666666 0.04083333333333333 0.04083333333333333
0 0.4191666666666667 0.26166666666666666 0.0325 0.03916666666666667
0 0.3475 0.3725 0.05 0.03916666666666667
0 0.37583333333333335 0.4775 0.04083333333333333 0.0375
0 0.5583333333333333 0.5041666666666667 0.04083333333333333 0.034166666666666665
0 0.6233333333333333 0.43666666666666665 0.07166666666666667 0.07666666666666666
0 0.565 0.5425 0.04833333333333333 0.0375
0 0.5708333333333333 0.5933333333333334 0.06666666666666667 0.0575
0 0.44083333333333335 0.6066666666666667 0.03916666666666667 0.04083333333333333
0 0.4091666666666667 0.7241666666666666 0.045 0.035833333333333335
0 0.6058333333333333 0.8691666666666666 0.060833333333333336 0.0575
0 0.535 0.905 0.045 0.0325
0 0.43583333333333335 0.9266666666666666 0.025 0.028333333333333332
0 0.48583333333333334 0.9091666666666667 0.03916666666666667 0.0375
0 0.6525 0.15666666666666668 0.025 0.030833333333333334