0 0.7375 0.5166666666666667 0.04583333333333333 0.0475
0 0.61 0.4083333333333333 0.04 0.0475
0 0.5658333333333333 0.37333333333333335 0.0475 0.0475
0 0.3591666666666667 0.18833333333333332 0.0475 0.051666666666666666
0 0.2941666666666667 0.25416666666666665 0.049166666666666664 0.0475
0 0.29083333333333333 0.37416666666666665 0.07 0.07916666666666666
0 0.22583333333333333 0.3433333333333333 0.04583333333333333 0.04583333333333333
0 0.345 0.4425 0.04583333333333333 0.049166666666666664
0 0.31416666666666665 0.15 0.049166666666666664 0.0475
0 0.27 0.11416666666666667 0.0425 0.04583333333333333
0 0.22416666666666665 0.07666666666666666 0.0425 0.04
0 0.18 0.04 0.04583333333333333 0.0475
0 0.4791666666666667 0.5583333333333333 0.049166666666666664 0.0475
0 0.5333333333333333 0.6008333333333333 0.04416666666666667 0.0475
0 0.5858333333333333 0.6466666666666666 0.0475 0.058333333333333334
0 0.6375 0.6966666666666667 0.04 0.049166666666666664
0 0.6941666666666667 0.7425 0.04416666666666667 0.05333333333333334
0 0.9383333333333334 0.7166666666666667 0.04583333333333333 0.05333333333333334
0 0.9791666666666666 0.7583333333333333 0.03833333333333333 0.056666666666666664