0 0.21583333333333332 0.45166666666666666 0.049166666666666664 0.05333333333333334
0 0.27 0.43083333333333335 0.055 0.06333333333333334
0 0.3308333333333333 0.4141666666666667 0.06666666666666667 0.08083333333333333
0 0.37833333333333335 0.385 0.050833333333333335 0.05333333333333334
0 0.4766666666666667 0.3516666666666667 0.050833333333333335 0.05333333333333334
0 0.3333333333333333 0.2833333333333333 0.060833333333333336 0.059166666666666666
0 0.38416666666666666 0.2683333333333333 0.043333333333333335 0.05333333333333334
0 0.425 0.24333333333333335 0.0475 0.0575
0 0.65 0.2791666666666667 0.055 0.06333333333333334
0 0.695 0.265 0.050833333333333335 0.0575
0 0.885 0.13416666666666666 0.049166666666666664 0.050833333333333335
0 0.9391666666666667 0.11333333333333333 0.050833333333333335 0.05333333333333334
0 0.9816666666666667 0.08916666666666667 0.03333333333333333 0.049166666666666664