0 0.2325 0.4675 0.021666666666666667 0.025
0 0.16 0.38166666666666665 0.015 0.015
0 0.17 0.39416666666666667 0.018333333333333333 0.013333333333333334
0 0.11333333333333333 0.36666666666666664 0.018333333333333333 0.021666666666666667
0 0.10083333333333333 0.375 0.02 0.018333333333333333
0 0.08583333333333333 0.3858333333333333 0.016666666666666666 0.016666666666666666
0 0.2966666666666667 0.4175 0.016666666666666666 0.016666666666666666
0 0.375 0.3225 0.021666666666666667 0.02
0 0.3875 0.3433333333333333 0.023333333333333334 0.021666666666666667
0 0.4075 0.4025 0.02666666666666667 0.02666666666666667
0 0.37666666666666665 0.4191666666666667 0.025 0.03
0 0.4008333333333333 0.44083333333333335 0.02 0.025
0 0.4058333333333333 0.36666666666666664 0.02 0.018333333333333333
0 0.40166666666666667 0.4683333333333333 0.018333333333333333 0.016666666666666666
0 0.4116666666666667 0.485 0.018333333333333333 0.016666666666666666
0 0.34833333333333333 0.4841666666666667 0.018333333333333333 0.021666666666666667
0 0.3325 0.49666666666666665 0.016666666666666666 0.02
0 0.3175 0.5091666666666667 0.016666666666666666 0.018333333333333333
0 0.4633333333333333 0.5458333333333333 0.023333333333333334 0.018333333333333333
0 0.38916666666666666 0.5516666666666666 0.02 0.02
0 0.335 0.5458333333333333 0.015 0.018333333333333333
0 0.3566666666666667 0.5083333333333333 0.015 0.016666666666666666
0 0.3775 0.5366666666666666 0.013333333333333334 0.013333333333333334
0 0.43666666666666665 0.5166666666666667 0.015 0.016666666666666666
0 0.5591666666666667 0.31083333333333335 0.011666666666666667 0.015
0 0.51 0.35583333333333333 0.013333333333333334 0.016666666666666666
0 0.5316666666666666 0.38333333333333336 0.016666666666666666 0.018333333333333333
0 0.5541666666666667 0.4066666666666667 0.018333333333333333 0.018333333333333333
0 0.5683333333333334 0.42833333333333334 0.018333333333333333 0.018333333333333333
0 0.5833333333333334 0.44916666666666666 0.015 0.015
0 0.6075 0.46166666666666667 0.013333333333333334 0.013333333333333334
0 0.6075 0.4708333333333333 0.023333333333333334 0.021666666666666667
0 0.6233333333333333 0.495 0.021666666666666667 0.02
0 0.635 0.49833333333333335 0.011666666666666667 0.013333333333333334
0 0.6441666666666667 0.5233333333333333 0.016666666666666666 0.016666666666666666
0 0.6766666666666666 0.5333333333333333 0.015 0.016666666666666666
0 0.6366666666666667 0.4533333333333333 0.018333333333333333 0.02
0 0.315 0.45416666666666666 0.011666666666666667 0.018333333333333333
0 0.29333333333333333 0.4708333333333333 0.016666666666666666 0.018333333333333333
0 0.2833333333333333 0.4816666666666667 0.013333333333333334 0.02
0 0.27 0.4875 0.013333333333333334 0.015
0 0.25583333333333336 0.49916666666666665 0.015 0.018333333333333333
0 0.41583333333333333 0.5875 0.016666666666666666 0.02
0 0.64 0.3433333333333333 0.021666666666666667 0.018333333333333333
0 0.66 0.36083333333333334 0.015 0.016666666666666666
0 0.66 0.37083333333333335 0.018333333333333333 0.016666666666666666
0 0.6716666666666666 0.37416666666666665 0.011666666666666667 0.013333333333333334
0 0.6258333333333334 0.38333333333333336 0.013333333333333334 0.011666666666666667
0 0.6391666666666667 0.3858333333333333 0.023333333333333334 0.02
0 0.6416666666666667 0.40166666666666667 0.018333333333333333 0.011666666666666667
0 0.6575 0.4066666666666667 0.023333333333333334 0.021666666666666667
0 0.6575 0.42083333333333334 0.016666666666666666 0.013333333333333334
0 0.665 0.43166666666666664 0.015 0.011666666666666667
0 0.6783333333333333 0.4325 0.018333333333333333 0.016666666666666666
0 0.6891666666666667 0.3958333333333333 0.015 0.013333333333333334
0 0.6991666666666667 0.4216666666666667 0.015 0.018333333333333333
0 0.71 0.42833333333333334 0.016666666666666666 0.015
0 0.6975 0.4558333333333333 0.025 0.021666666666666667
0 0.695 0.4683333333333333 0.013333333333333334 0.013333333333333334
0 0.72 0.49916666666666665 0.013333333333333334 0.015
0 0.7416666666666667 0.4708333333333333 0.03666666666666667 0.035
0 0.7341666666666666 0.5025 0.021666666666666667 0.021666666666666667
0 0.7583333333333333 0.49916666666666665 0.016666666666666666 0.015
0 0.7541666666666667 0.5308333333333334 0.025 0.025
0 0.7708333333333334 0.5525 0.018333333333333333 0.015
0 0.7883333333333333 0.5808333333333333 0.02 0.02
0 0.8333333333333334 0.5883333333333334 0.021666666666666667 0.021666666666666667
0 0.8891666666666667 0.535 0.023333333333333334 0.02
0 0.9633333333333334 0.5633333333333334 0.03 0.03166666666666667
0 0.31416666666666665 0.5825 0.016666666666666666 0.016666666666666666
0 0.21833333333333332 0.4841666666666667 0.013333333333333334 0.015
0 0.185 0.5175 0.015 0.015
0 0.7991666666666667 0.22916666666666666 0.015 0.015
0 0.8025 0.21666666666666667 0.015 0.016666666666666666
0 0.815 0.21583333333333332 0.015 0.018333333333333333
0 0.8258333333333333 0.19833333333333333 0.016666666666666666 0.016666666666666666
0 0.8391666666666666 0.19666666666666666 0.016666666666666666 0.02
0 0.8766666666666667 0.16583333333333333 0.018333333333333333 0.023333333333333334
0 0.8908333333333334 0.15083333333333335 0.02 0.02
0 0.9216666666666666 0.1325 0.021666666666666667 0.023333333333333334
0 0.8208333333333333 0.06833333333333333 0.016666666666666666 0.015
0 0.825 0.08166666666666667 0.011666666666666667 0.011666666666666667
0 0.9075 0.2708333333333333 0.016666666666666666 0.015
0 0.925 0.2816666666666667 0.015 0.016666666666666666
0 0.9441666666666667 0.2925 0.021666666666666667 0.018333333333333333
0 0.9558333333333333 0.31416666666666665 0.025 0.02
0 0.9716666666666667 0.33416666666666667 0.02666666666666667 0.023333333333333334
0 0.9875 0.35583333333333333 0.021666666666666667 0.016666666666666666