0 0.445 0.018333333333333333 0.07916666666666666 0.03666666666666667
0 0.365 0.04583333333333333 0.08333333333333333 0.09166666666666666
0 0.25833333333333336 0.10333333333333333 0.11166666666666666 0.11
0 0.8091666666666667 0.37833333333333335 0.06166666666666667 0.06916666666666667
0 0.76 0.4691666666666667 0.0675 0.06583333333333333
0 0.9533333333333334 0.6483333333333333 0.09 0.1
0 0.8616666666666667 0.7266666666666667 0.09083333333333334 0.08666666666666667
0 0.6516666666666666 0.5191666666666667 0.10583333333333333 0.12
0 0.5466666666666666 0.6083333333333333 0.1 0.10833333333333334
0 0.445 0.6941666666666667 0.095 0.11416666666666667
0 0.3433333333333333 0.9658333333333333 0.07333333333333333 0.06333333333333334
0 0.4891666666666667 0.33 0.11416666666666667 0.11583333333333333
0 0.285 0.3175 0.1175 0.1175