0 0.8275 0.435 0.025 0.029166666666666667
0 0.91 0.33666666666666667 0.0175 0.0175
0 0.8983333333333333 0.3516666666666667 0.020833333333333332 0.015833333333333335
0 0.9641666666666666 0.31916666666666665 0.020833333333333332 0.025
0 0.9791666666666666 0.32916666666666666 0.023333333333333334 0.020833333333333332
0 0.9908333333333333 0.3433333333333333 0.015 0.023333333333333334
0 0.7525 0.37833333333333335 0.019166666666666665 0.019166666666666665
0 0.6633333333333333 0.2683333333333333 0.025 0.023333333333333334
0 0.6483333333333333 0.2925 0.02666666666666667 0.025
0 0.6258333333333334 0.36083333333333334 0.030833333333333334 0.030833333333333334
0 0.6608333333333334 0.38 0.029166666666666667 0.035
0 0.6333333333333333 0.4041666666666667 0.023333333333333334 0.029166666666666667
0 0.6275 0.31916666666666665 0.023333333333333334 0.020833333333333332
0 0.6325 0.43666666666666665 0.020833333333333332 0.019166666666666665
0 0.6208333333333333 0.4558333333333333 0.020833333333333332 0.019166666666666665
0 0.6941666666666667 0.455 0.020833333333333332 0.025
0 0.7125 0.4691666666666667 0.019166666666666665 0.023333333333333334
0 0.73 0.48333333333333334 0.019166666666666665 0.020833333333333332
0 0.5616666666666666 0.5258333333333334 0.02666666666666667 0.020833333333333332
0 0.6466666666666666 0.5325 0.023333333333333334 0.023333333333333334
0 0.7091666666666666 0.5258333333333334 0.0175 0.020833333333333332
0 0.6841666666666667 0.4825 0.0175 0.019166666666666665
0 0.66 0.5158333333333334 0.015833333333333335 0.015833333333333335
0 0.5916666666666667 0.4925 0.0175 0.019166666666666665
0 0.4508333333333333 0.25583333333333336 0.013333333333333334 0.0175
0 0.5075 0.30666666666666664 0.015833333333333335 0.019166666666666665
0 0.4825 0.33916666666666667 0.019166666666666665 0.020833333333333332
0 0.45666666666666667 0.36583333333333334 0.020833333333333332 0.020833333333333332
0 0.44083333333333335 0.3908333333333333 0.020833333333333332 0.020833333333333332
0 0.42333333333333334 0.4141666666666667 0.0175 0.0175
0 0.3958333333333333 0.42833333333333334 0.015833333333333335 0.015833333333333335
0 0.3958333333333333 0.43916666666666665 0.02666666666666667 0.025
0 0.3775 0.4675 0.025 0.023333333333333334
0 0.3641666666666667 0.4708333333333333 0.013333333333333334 0.015833333333333335
0 0.35333333333333333 0.5 0.019166666666666665 0.019166666666666665
0 0.31583333333333335 0.5116666666666667 0.0175 0.019166666666666665
0 0.3616666666666667 0.4191666666666667 0.020833333333333332 0.023333333333333334
0 0.7325 0.42 0.013333333333333334 0.020833333333333332
0 0.7566666666666667 0.43916666666666665 0.019166666666666665 0.020833333333333332
0 0.7683333333333333 0.45166666666666666 0.015833333333333335 0.023333333333333334
0 0.7841666666666667 0.4583333333333333 0.015833333333333335 0.0175
0 0.8 0.4716666666666667 0.0175 0.020833333333333332
0 0.6158333333333333 0.5733333333333334 0.019166666666666665 0.023333333333333334
0 0.35833333333333334 0.2925 0.025 0.020833333333333332
0 0.335 0.3125 0.0175 0.019166666666666665
0 0.335 0.32416666666666666 0.020833333333333332 0.019166666666666665
0 0.32166666666666666 0.3283333333333333 0.013333333333333334 0.015833333333333335
0 0.37416666666666665 0.33916666666666667 0.015833333333333335 0.013333333333333334
0 0.3591666666666667 0.3416666666666667 0.02666666666666667 0.023333333333333334
0 0.35583333333333333 0.36 0.020833333333333332 0.013333333333333334
0 0.3375 0.36583333333333334 0.02666666666666667 0.025
0 0.3375 0.3825 0.019166666666666665 0.015833333333333335
0 0.32916666666666666 0.395 0.0175 0.013333333333333334
0 0.31333333333333335 0.3958333333333333 0.020833333333333332 0.019166666666666665
0 0.3025 0.35333333333333333 0.0175 0.015833333333333335
0 0.29083333333333333 0.38333333333333336 0.0175 0.020833333333333332
0 0.2783333333333333 0.3908333333333333 0.019166666666666665 0.0175
0 0.2925 0.4216666666666667 0.029166666666666667 0.025
0 0.295 0.43666666666666665 0.015833333333333335 0.015833333333333335
0 0.26666666666666666 0.4716666666666667 0.015833333333333335 0.0175
0 0.24166666666666667 0.43916666666666665 0.0425 0.04083333333333333
0 0.25 0.47583333333333333 0.025 0.025
0 0.22166666666666668 0.4716666666666667 0.019166666666666665 0.0175
0 0.22666666666666666 0.5083333333333333 0.029166666666666667 0.029166666666666667
0 0.2075 0.5341666666666667 0.020833333333333332 0.0175
0 0.1875 0.5658333333333333 0.023333333333333334 0.023333333333333334
0 0.13583333333333333 0.5741666666666667 0.025 0.025
0 0.07166666666666667 0.5133333333333333 0.02666666666666667 0.023333333333333334
0 0.7333333333333333 0.5675 0.019166666666666665 0.019166666666666665
0 0.8433333333333334 0.455 0.015833333333333335 0.0175
0 0.8816666666666667 0.49333333333333335 0.0175 0.0175
0 0.175 0.16083333333333333 0.0175 0.0175
0 0.17083333333333334 0.14666666666666667 0.0175 0.019166666666666665
0 0.1575 0.14583333333333334 0.0175 0.020833333333333332
0 0.145 0.12583333333333332 0.019166666666666665 0.019166666666666665
0 0.12916666666666668 0.12333333333333334 0.019166666666666665 0.023333333333333334
0 0.08583333333333333 0.08916666666666667 0.020833333333333332 0.02666666666666667
0 0.06916666666666667 0.07166666666666667 0.023333333333333334 0.023333333333333334
0 0.034166666666666665 0.05 0.025 0.02666666666666667
0 0.05 0.20916666666666667 0.019166666666666665 0.0175
0 0.03 0.22166666666666668 0.0175 0.019166666666666665
0 0.011666666666666667 0.23583333333333334 0.019166666666666665 0.023333333333333334
0 0.005833333333333334 0.26 0.0075 0.025