0 0.14083333333333334 0.4225 0.023333333333333334 0.03166666666666667
0 0.29333333333333333 0.465 0.025 0.025
0 0.2475 0.45416666666666666 0.025 0.035
0 0.385 0.48083333333333333 0.025 0.025
0 0.4075 0.485 0.023333333333333334 0.02666666666666667
0 0.5675 0.5175 0.025 0.028333333333333332
0 0.5441666666666667 0.5108333333333334 0.025 0.025
0 0.5183333333333333 0.5066666666666667 0.023333333333333334 0.028333333333333332
0 0.4975 0.5041666666666667 0.019166666666666665 0.02666666666666667
0 0.4741666666666667 0.49666666666666665 0.019166666666666665 0.028333333333333332
0 0.45166666666666666 0.49333333333333335 0.019166666666666665 0.035
0 0.43 0.4891666666666667 0.019166666666666665 0.025