0 0.79 0.11583333333333333 0.03333333333333333 0.03833333333333333
0 0.37833333333333335 0.09583333333333334 0.03166666666666667 0.04083333333333333
0 0.8483333333333334 0.7666666666666667 0.035 0.03666666666666667
0 0.8066666666666666 0.7616666666666667 0.028333333333333332 0.03333333333333333
0 0.5666666666666667 0.76 0.03166666666666667 0.04416666666666667
0 0.5275 0.7533333333333333 0.03 0.035
0 0.47833333333333333 0.9708333333333333 0.0225 0.019166666666666665
0 0.8425 0.9333333333333333 0.0225 0.025
0 0.49833333333333335 0.86 0.035 0.04416666666666667
0 0.4625 0.8108333333333333 0.04083333333333333 0.03666666666666667
0 0.44416666666666665 0.7516666666666667 0.03666666666666667 0.03833333333333333
0 0.6475 0.7625 0.035 0.03833333333333333
0 0.6891666666666667 0.765 0.03 0.03333333333333333
0 0.6066666666666667 0.7583333333333333 0.03 0.04083333333333333
0 0.4575 0.1975 0.04583333333333333 0.03833333333333333
0 0.5091666666666667 0.19666666666666666 0.0425 0.03666666666666667
0 0.6666666666666666 0.20416666666666666 0.03 0.03833333333333333
0 0.7816666666666666 0.20666666666666667 0.03166666666666667 0.03666666666666667
0 0.745 0.205 0.03166666666666667 0.03333333333333333
0 0.705 0.20333333333333334 0.03666666666666667 0.04083333333333333
0 0.37833333333333335 0.19416666666666665 0.035 0.04416666666666667
0 0.3408333333333333 0.19333333333333333 0.03333333333333333 0.03166666666666667
0 0.3016666666666667 0.19166666666666668 0.03333333333333333 0.03833333333333333
0 0.36583333333333334 0.7458333333333333 0.0175 0.0225
0 0.33 0.75 0.0225 0.025
0 0.16916666666666666 0.7416666666666667 0.020833333333333332 0.019166666666666665
0 0.6283333333333333 0.8691666666666666 0.028333333333333332 0.03333333333333333
0 0.7258333333333333 0.76 0.03 0.03333333333333333
0 0.22 0.6291666666666667 0.025 0.0225
0 0.5916666666666667 0.205 0.028333333333333332 0.03333333333333333
0 0.9916666666666667 0.38166666666666665 0.013333333333333334 0.03
0 0.025 0.30666666666666664 0.020833333333333332 0.020833333333333332
0 0.9333333333333333 0.24333333333333335 0.020833333333333332 0.025
0 0.9008333333333334 0.20833333333333334 0.0225 0.0225
0 0.7533333333333333 0.3016666666666667 0.020833333333333332 0.03
0 0.7208333333333333 0.29833333333333334 0.015833333333333335 0.019166666666666665
0 0.845 0.3025 0.014166666666666666 0.020833333333333332
0 0.8475 0.16 0.0225 0.020833333333333332
0 0.7075 0.11583333333333333 0.025 0.025
0 0.13 0.24 0.025 0.019166666666666665
0 0.03166666666666667 0.855 0.014166666666666666 0.0225
0 0.0675 0.8533333333333334 0.019166666666666665 0.0225
0 0.1675 0.6616666666666666 0.014166666666666666 0.025
0 0.06333333333333334 0.19666666666666666 0.0175 0.02666666666666667
0 0.32083333333333336 0.28833333333333333 0.020833333333333332 0.0175
0 0.2841666666666667 0.7475 0.015833333333333335 0.0225
0 0.2475 0.7416666666666667 0.019166666666666665 0.019166666666666665
0 0.145 0.18666666666666668 0.019166666666666665 0.020833333333333332
0 0.13 0.2841666666666667 0.025 0.019166666666666665
0 0.18583333333333332 0.2825 0.015833333333333335 0.0225
0 0.16083333333333333 0.2875 0.015833333333333335 0.019166666666666665