0 0.5958333333333333 0.6241666666666666 0.0475 0.04083333333333333
0 0.8741666666666666 0.3825 0.0425 0.04416666666666667
0 0.9783333333333334 0.37166666666666665 0.035833333333333335 0.0375
0 0.9025 0.42333333333333334 0.04083333333333333 0.0375
0 0.9141666666666667 0.47 0.04583333333333333 0.03916666666666667
0 0.9858333333333333 0.5333333333333333 0.025 0.05
0 0.9941666666666666 0.45916666666666667 0.008333333333333333 0.035
0 0.2783333333333333 0.3383333333333333 0.0275 0.025833333333333333
0 0.7883333333333333 0.4633333333333333 0.016666666666666666 0.025833333333333333
0 0.6375 0.49666666666666665 0.035833333333333335 0.024166666666666666
0 0.7275 0.3958333333333333 0.025833333333333333 0.0275
0 0.7258333333333333 0.4633333333333333 0.025833333333333333 0.029166666666666667
0 0.6891666666666667 0.46166666666666667 0.0275 0.035833333333333335
0 0.7175 0.3675 0.019166666666666665 0.019166666666666665
0 0.5291666666666667 0.3283333333333333 0.0275 0.0225
0 0.465 0.3233333333333333 0.029166666666666667 0.025833333333333333
0 0.5758333333333333 0.48083333333333333 0.0325 0.030833333333333334
0 0.5383333333333333 0.42916666666666664 0.025833333333333333 0.0225
0 0.5041666666666667 0.42083333333333334 0.0225 0.0225
0 0.23416666666666666 0.27 0.024166666666666666 0.0275
0 0.18583333333333332 0.3308333333333333 0.020833333333333332 0.024166666666666666