0 0.025 0.83 0.025833333333333333 0.03
0 0.0325 0.7891666666666667 0.025833333333333333 0.0275
0 0.04083333333333333 0.7108333333333333 0.04 0.03166666666666667
0 0.041666666666666664 0.6725 0.03166666666666667 0.0275
0 0.056666666666666664 0.5925 0.043333333333333335 0.03833333333333333
0 0.065 0.4766666666666667 0.03 0.0225
0 0.095 0.21416666666666667 0.025833333333333333 0.024166666666666666
0 0.1125 0.06666666666666667 0.03 0.03
0 0.5466666666666666 0.1725 0.0275 0.024166666666666666
0 0.5408333333333334 0.25333333333333335 0.025833333333333333 0.019166666666666665
0 0.6266666666666667 0.425 0.05416666666666667 0.049166666666666664
0 0.6408333333333334 0.27166666666666667 0.05583333333333333 0.049166666666666664
0 0.6458333333333334 0.19166666666666668 0.025833333333333333 0.020833333333333332
0 0.8925 0.19833333333333333 0.0225 0.020833333333333332
0 0.7458333333333333 0.6316666666666667 0.041666666666666664 0.04666666666666667
0 0.65 0.8408333333333333 0.03166666666666667 0.04
0 0.67 0.9016666666666666 0.03333333333333333 0.03
0 0.7116666666666667 0.9716666666666667 0.04666666666666667 0.05333333333333334
0 0.58 0.8108333333333333 0.049166666666666664 0.03666666666666667
0 0.5833333333333334 0.7708333333333334 0.0275 0.03333333333333333
0 0.5925 0.73 0.0525 0.045
0 0.5983333333333334 0.655 0.0575 0.049166666666666664
0 0.8275 0.5508333333333333 0.05583333333333333 0.049166666666666664
0 0.8133333333333334 0.6733333333333333 0.0275 0.03
0 0.9591666666666666 0.7408333333333333 0.03 0.024166666666666666
0 0.9616666666666667 0.71 0.03166666666666667 0.025833333333333333
0 0.965 0.6791666666666667 0.0275 0.0275
0 0.9825 0.43666666666666665 0.03166666666666667 0.05416666666666667
0 0.6 0.6166666666666667 0.03 0.035
0 0.8241666666666667 0.6041666666666666 0.03166666666666667 0.03166666666666667
0 0.8166666666666667 0.645 0.03166666666666667 0.0275
0 0.9858333333333333 0.3725 0.024166666666666666 0.0525
0 0.8466666666666667 0.4041666666666667 0.03166666666666667 0.0275
0 0.8516666666666667 0.37166666666666665 0.03166666666666667 0.03333333333333333
0 0.8516666666666667 0.3425 0.035 0.03333333333333333