0 0.925 0.4508333333333333 0.05583333333333333 0.058333333333333334
0 0.9166666666666666 0.38166666666666665 0.058333333333333334 0.06
0 0.76 0.36 0.05583333333333333 0.06
0 0.7008333333333333 0.365 0.058333333333333334 0.05583333333333333
0 0.78 0.465 0.03833333333333333 0.045
0 0.7383333333333333 0.4691666666666667 0.030833333333333334 0.0475
0 0.5316666666666666 0.38416666666666666 0.049166666666666664 0.05416666666666667
0 0.48333333333333334 0.3883333333333333 0.04 0.049166666666666664
0 0.2783333333333333 0.3958333333333333 0.034166666666666665 0.034166666666666665
0 0.24166666666666667 0.4025 0.030833333333333334 0.029166666666666667
0 0.16666666666666666 0.41583333333333333 0.0325 0.0275
0 0.13083333333333333 0.42 0.0325 0.025
0 0.09583333333333334 0.42583333333333334 0.029166666666666667 0.025
0 0.041666666666666664 0.4375 0.025 0.02
0 0.0125 0.44083333333333335 0.021666666666666667 0.02