0 0.2916666666666667 0.7525 0.06916666666666667 0.0725
0 0.42333333333333334 0.7575 0.03333333333333333 0.0375
0 0.48333333333333334 0.7666666666666667 0.07833333333333334 0.075
0 0.5766666666666667 0.78 0.05583333333333333 0.07083333333333333
0 0.7016666666666667 0.7833333333333333 0.0525 0.05583333333333333
0 0.7958333333333333 0.7916666666666666 0.0425 0.05
0 0.39916666666666667 0.49166666666666664 0.045 0.05416666666666667
0 0.4625 0.32666666666666666 0.04833333333333333 0.0525
0 0.011666666666666667 0.5591666666666667 0.023333333333333334 0.03833333333333333
0 0.6308333333333334 0.3383333333333333 0.045 0.05416666666666667
0 0.8466666666666667 0.5891666666666666 0.07083333333333333 0.0675
0 0.9483333333333334 0.5316666666666666 0.0575 0.0675
0 0.9908333333333333 0.5775 0.015 0.0725
0 0.03166666666666667 0.26 0.03 0.028333333333333332