0 0.48083333333333333 0.08 0.023333333333333334 0.019166666666666665
0 0.43916666666666665 0.0675 0.023333333333333334 0.0175
0 0.49416666666666664 0.0025 0.028333333333333332 0.005
0 0.27416666666666667 0.06166666666666667 0.03333333333333333 0.029166666666666667
0 0.21083333333333334 0.0575 0.035 0.029166666666666667
0 0.2891666666666667 0.3958333333333333 0.03166666666666667 0.03333333333333333
0 0.25 0.5283333333333333 0.03166666666666667 0.03333333333333333
0 0.2375 0.5916666666666667 0.03333333333333333 0.03166666666666667
0 0.23083333333333333 0.625 0.03166666666666667 0.03166666666666667
0 0.16416666666666666 0.6025 0.035 0.04083333333333333
0 0.10583333333333333 0.5791666666666667 0.035 0.029166666666666667
0 0.12083333333333333 0.5225 0.03166666666666667 0.04083333333333333
0 0.15416666666666667 0.5233333333333333 0.03166666666666667 0.03166666666666667
0 0.3308333333333333 0.5525 0.0375 0.03166666666666667
0 0.31333333333333335 0.6041666666666666 0.0375 0.03333333333333333
0 0.30583333333333335 0.6325 0.0375 0.03166666666666667
0 0.3825 0.6683333333333333 0.03166666666666667 0.03166666666666667
0 0.3958333333333333 0.64 0.045 0.029166666666666667
0 0.4125 0.6125 0.035 0.03333333333333333
0 0.4225 0.585 0.04083333333333333 0.029166666666666667
0 0.48333333333333334 0.6666666666666666 0.04083333333333333 0.03333333333333333
0 0.475 0.6966666666666667 0.03916666666666667 0.0375
0 0.46166666666666667 0.7225 0.045 0.035
0 0.4608333333333333 0.7575 0.04666666666666667 0.035
0 0.44916666666666666 0.7908333333333334 0.050833333333333335 0.035
0 0.4425 0.8191666666666667 0.045 0.03333333333333333
0 0.43416666666666665 0.8466666666666667 0.045 0.029166666666666667
0 0.425 0.88 0.045 0.03333333333333333
0 0.5275 0.6925 0.03166666666666667 0.029166666666666667
0 0.5358333333333334 0.7125 0.029166666666666667 0.0275
0 0.5533333333333333 0.7375 0.029166666666666667 0.029166666666666667
0 0.6383333333333333 0.615 0.035 0.03166666666666667
0 0.6483333333333333 0.65 0.035 0.03166666666666667
0 0.6691666666666667 0.6716666666666666 0.029166666666666667 0.03166666666666667
0 0.6891666666666667 0.6975 0.035 0.03166666666666667
0 0.78 0.655 0.04083333333333333 0.029166666666666667
0 0.7666666666666667 0.6341666666666667 0.0375 0.029166666666666667
0 0.7508333333333334 0.6083333333333333 0.0375 0.029166666666666667
0 0.7275 0.59 0.03333333333333333 0.03166666666666667