0 0.11916666666666667 0.42916666666666664 0.055 0.056666666666666664
0 0.1275 0.3616666666666667 0.056666666666666664 0.058333333333333334
0 0.28 0.34 0.055 0.058333333333333334
0 0.3375 0.345 0.056666666666666664 0.055
0 0.2608333333333333 0.4425 0.0375 0.04416666666666667
0 0.30083333333333334 0.44666666666666666 0.03 0.04583333333333333
0 0.5025 0.3641666666666667 0.0475 0.05333333333333334
0 0.5491666666666667 0.36833333333333335 0.03916666666666667 0.0475
0 0.75 0.37583333333333335 0.03333333333333333 0.03333333333333333
0 0.785 0.38166666666666665 0.03 0.028333333333333332
0 0.8583333333333333 0.395 0.03166666666666667 0.02666666666666667
0 0.8941666666666667 0.39916666666666667 0.03166666666666667 0.025
0 0.9275 0.405 0.028333333333333332 0.025
0 0.9808333333333333 0.41583333333333333 0.025 0.019166666666666665