0 0.2633333333333333 0.62 0.06833333333333333 0.065
0 0.3675 0.6216666666666667 0.06333333333333334 0.065
0 0.05583333333333333 0.5491666666666667 0.056666666666666664 0.05
0 0.1925 0.5516666666666666 0.05333333333333334 0.04083333333333333
0 0.13083333333333333 0.6216666666666667 0.04583333333333333 0.051666666666666666
0 0.4866666666666667 0.6233333333333333 0.065 0.065
0 0.5883333333333334 0.6233333333333333 0.06 0.06166666666666667
0 0.8391666666666666 0.49583333333333335 0.058333333333333334 0.06
0 0.9791666666666666 0.5391666666666667 0.0375 0.051666666666666666
0 0.7 0.3566666666666667 0.034166666666666665 0.05
0 0.7283333333333334 0.3825 0.0425 0.03916666666666667
0 0.7583333333333333 0.35583333333333333 0.0375 0.04083333333333333
0 0.7741666666666667 0.475 0.0375 0.03916666666666667
0 0.8466666666666667 0.36833333333333335 0.0425 0.04416666666666667
0 0.6641666666666667 0.030833333333333334 0.034166666666666665 0.04416666666666667
0 0.7041666666666667 0.043333333333333335 0.0375 0.0425
0 0.6383333333333333 0.18083333333333335 0.0375 0.0425
0 0.7683333333333333 0.19166666666666668 0.035833333333333335 0.04083333333333333
0 0.8525 0.11916666666666667 0.04833333333333333 0.04583333333333333
0 0.8141666666666667 0.175 0.035833333333333335 0.034166666666666665
0 0.75 0.051666666666666666 0.034166666666666665 0.04083333333333333