0 0.14 0.7491666666666666 0.075 0.07666666666666666
0 0.17416666666666666 0.13416666666666666 0.06916666666666667 0.07833333333333334
0 0.31 0.275 0.0725 0.060833333333333336
0 0.3383333333333333 0.3591666666666667 0.08666666666666667 0.08083333333333333
0 0.34833333333333333 0.5583333333333333 0.08666666666666667 0.08083333333333333
0 0.3458333333333333 0.6475 0.08083333333333333 0.075
0 0.3433333333333333 0.8866666666666667 0.08833333333333333 0.08083333333333333
0 0.3475 0.9675 0.0925 0.060833333333333336
0 0.8575 0.9275 0.06916666666666667 0.075
0 0.8958333333333334 0.09416666666666666 0.06333333333333334 0.07083333333333333
0 0.74 0.21083333333333334 0.07083333333333333 0.06666666666666667
0 0.6908333333333333 0.28583333333333333 0.075 0.07083333333333333
0 0.6575 0.3625 0.08666666666666667 0.075
0 0.6483333333333333 0.5583333333333333 0.08833333333333333 0.07666666666666666
0 0.6458333333333334 0.6558333333333334 0.08666666666666667 0.07833333333333334
0 0.6683333333333333 0.7791666666666667 0.045 0.0475
0 0.67 0.9925 0.05333333333333334 0.011666666666666667