0 0.44583333333333336 0.37 0.0425 0.04583333333333333
0 0.4083333333333333 0.3875 0.03833333333333333 0.03833333333333333
0 0.3258333333333333 0.3283333333333333 0.0425 0.04416666666666667
0 0.31666666666666665 0.43416666666666665 0.03833333333333333 0.0475
0 0.24666666666666667 0.2675 0.03833333333333333 0.0425
0 0.22 0.48333333333333334 0.03833333333333333 0.04083333333333333
0 0.1675 0.5175 0.03833333333333333 0.0425
0 0.49416666666666664 0.7341666666666666 0.03666666666666667 0.04583333333333333
0 0.4475 0.7616666666666667 0.03833333333333333 0.04416666666666667
0 0.24 0.6875 0.03666666666666667 0.03666666666666667
0 0.15333333333333332 0.76 0.03166666666666667 0.03333333333333333
0 0.24666666666666667 0.9183333333333333 0.0425 0.04416666666666667
0 0.17166666666666666 0.9225 0.03666666666666667 0.0425
0 0.66 0.8058333333333333 0.04583333333333333 0.03666666666666667
0 0.4075 0.7783333333333333 0.03666666666666667 0.0425
0 0.29583333333333334 0.7925 0.035 0.035
0 0.2833333333333333 0.7608333333333334 0.020833333333333332 0.020833333333333332
0 0.265 0.755 0.019166666666666665 0.020833333333333332
0 0.3025 0.35333333333333333 0.020833333333333332 0.02666666666666667
0 0.285 0.36583333333333334 0.014166666666666666 0.0175
0 0.24333333333333335 0.36083333333333334 0.0175 0.020833333333333332
0 0.20416666666666666 0.3858333333333333 0.0175 0.014166666666666666
0 0.26666666666666666 0.955 0.04083333333333333 0.03666666666666667
0 0.39 0.9725 0.03333333333333333 0.03333333333333333
0 0.36916666666666664 0.935 0.04083333333333333 0.035
0 0.3525 0.885 0.025 0.02666666666666667
0 0.09166666666666666 0.565 0.028333333333333332 0.035
0 0.2625 0.37416666666666665 0.0175 0.015833333333333335
0 0.24083333333333334 0.385 0.014166666666666666 0.015833333333333335
0 0.2225 0.3933333333333333 0.019166666666666665 0.019166666666666665
0 0.21333333333333335 0.27166666666666667 0.014166666666666666 0.0225
0 0.19083333333333333 0.2833333333333333 0.0125 0.0175
0 0.1725 0.2925 0.0175 0.0175
0 0.17083333333333334 0.315 0.010833333333333334 0.014166666666666666
0 0.19166666666666668 0.30416666666666664 0.0175 0.014166666666666666
0 0.2125 0.2925 0.015833333333333335 0.010833333333333334