0 0.0075 0.675 0.014166666666666666 0.034166666666666665
0 0.1575 0.6883333333333334 0.03 0.025
0 0.14583333333333334 0.9758333333333333 0.03166666666666667 0.03
0 0.3858333333333333 0.99 0.028333333333333332 0.019166666666666665
0 0.4425 0.9608333333333333 0.034166666666666665 0.025
0 0.5366666666666666 0.9933333333333333 0.04 0.01
0 0.6358333333333334 0.9608333333333333 0.051666666666666666 0.056666666666666664
0 0.22583333333333333 0.74 0.025 0.03166666666666667
0 0.235 0.6833333333333333 0.025 0.028333333333333332
0 0.9033333333333333 0.6458333333333334 0.02666666666666667 0.03916666666666667
0 0.3283333333333333 0.7558333333333334 0.0375 0.028333333333333332
0 0.33416666666666667 0.7241666666666666 0.0425 0.028333333333333332
0 0.345 0.6941666666666667 0.03166666666666667 0.025
0 0.36666666666666664 0.6808333333333333 0.025 0.023333333333333334
0 0.39 0.79 0.028333333333333332 0.03166666666666667
0 0.4608333333333333 0.7908333333333334 0.03166666666666667 0.034166666666666665
0 0.5683333333333334 0.8108333333333333 0.03 0.034166666666666665
0 0.5966666666666667 0.7991666666666667 0.019166666666666665 0.025
0 0.6166666666666667 0.7375 0.034166666666666665 0.03
0 0.5958333333333333 0.7091666666666666 0.035833333333333335 0.034166666666666665
0 0.5341666666666667 0.655 0.05 0.035833333333333335
0 0.5375 0.6075 0.03916666666666667 0.034166666666666665
0 0.5633333333333334 0.525 0.07333333333333333 0.06416666666666666
0 0.5633333333333334 0.47 0.0625 0.04666666666666667
0 0.6366666666666667 0.4975 0.056666666666666664 0.0625
0 0.21833333333333332 0.22916666666666666 0.034166666666666665 0.05
0 0.385 0.3125 0.034166666666666665 0.02666666666666667
0 0.30333333333333334 0.32916666666666666 0.02666666666666667 0.0175
0 0.4083333333333333 0.25083333333333335 0.04833333333333333 0.04666666666666667
0 0.48333333333333334 0.24583333333333332 0.0375 0.04666666666666667
0 0.4425 0.24166666666666667 0.02666666666666667 0.03916666666666667
0 0.5908333333333333 0.3825 0.035833333333333335 0.04666666666666667
0 0.5775 0.2633333333333333 0.051666666666666666 0.056666666666666664
0 0.6208333333333333 0.2625 0.03166666666666667 0.04833333333333333
0 0.6066666666666667 0.08833333333333333 0.035833333333333335 0.03