0 0.5858333333333333 0.3358333333333333 0.08583333333333333 0.08583333333333333
0 0.7366666666666667 0.4475 0.09 0.08166666666666667
0 0.9491666666666667 0.7633333333333333 0.050833333333333335 0.050833333333333335
0 0.8408333333333333 0.7666666666666667 0.056666666666666664 0.056666666666666664
0 0.7325 0.76 0.050833333333333335 0.058333333333333334
0 0.6158333333333333 0.7433333333333333 0.0525 0.06416666666666666
0 0.5191666666666667 0.7566666666666667 0.043333333333333335 0.06416666666666666
0 0.40166666666666667 0.7625 0.045 0.06833333333333333
0 0.285 0.7658333333333334 0.050833333333333335 0.06666666666666667
0 0.0575 0.28 0.04083333333333333 0.04083333333333333
0 0.0575 0.6191666666666666 0.04083333333333333 0.043333333333333335
0 0.045 0.5325 0.035 0.045
0 0.059166666666666666 0.3825 0.04083333333333333 0.04666666666666667