0 0.5741666666666667 0.91 0.06916666666666667 0.08333333333333333
0 0.6458333333333334 0.8625 0.07083333333333333 0.085
0 0.7425 0.8075 0.1 0.09833333333333333
0 0.24916666666666668 0.5608333333333333 0.055 0.0625
0 0.29333333333333333 0.4791666666666667 0.060833333333333336 0.059166666666666666
0 0.10916666666666666 0.32083333333333336 0.09666666666666666 0.085
0 0.20166666666666666 0.24833333333333332 0.08166666666666667 0.0775
0 0.39 0.43416666666666665 0.095 0.1075
0 0.4841666666666667 0.355 0.09 0.09666666666666666
0 0.575 0.2775 0.085 0.10166666666666667
0 0.665 0.03166666666666667 0.06416666666666666 0.060833333333333336
0 0.5358333333333334 0.6041666666666666 0.10166666666666667 0.10416666666666667
0 0.7191666666666666 0.615 0.10583333333333333 0.10583333333333333
0 0.0075 0.9791666666666666 0.015 0.03833333333333333