0 0.945 0.6491666666666667 0.02666666666666667 0.03
0 0.7941666666666667 0.6608333333333334 0.028333333333333332 0.023333333333333334
0 0.805 0.9316666666666666 0.03 0.028333333333333332
0 0.58 0.9541666666666667 0.025 0.03166666666666667
0 0.5258333333333334 0.9175 0.03166666666666667 0.023333333333333334
0 0.47583333333333333 0.9691666666666666 0.025 0.035
0 0.43916666666666665 0.9675 0.03166666666666667 0.041666666666666664
0 0.3433333333333333 0.9175 0.04833333333333333 0.05333333333333334
0 0.73 0.71 0.023333333333333334 0.03
0 0.7216666666666667 0.6558333333333334 0.023333333333333334 0.02666666666666667
0 0.09166666666666666 0.6208333333333333 0.025 0.03666666666666667
0 0.6333333333333333 0.725 0.035 0.02666666666666667
0 0.6275 0.695 0.04 0.02666666666666667
0 0.6175 0.6658333333333334 0.03 0.023333333333333334
0 0.5975 0.6533333333333333 0.023333333333333334 0.021666666666666667
0 0.5758333333333333 0.7566666666666667 0.02666666666666667 0.03
0 0.5083333333333333 0.7575 0.03 0.03166666666666667
0 0.4066666666666667 0.7758333333333334 0.028333333333333332 0.03166666666666667
0 0.38 0.765 0.018333333333333333 0.023333333333333334
0 0.3616666666666667 0.7075 0.03166666666666667 0.028333333333333332
0 0.38083333333333336 0.68 0.03333333333333333 0.03166666666666667
0 0.44 0.6291666666666667 0.04666666666666667 0.03333333333333333
0 0.43583333333333335 0.585 0.03666666666666667 0.03166666666666667
0 0.4116666666666667 0.5066666666666667 0.06916666666666667 0.06
0 0.4116666666666667 0.455 0.058333333333333334 0.043333333333333335
0 0.3425 0.48083333333333333 0.05333333333333334 0.058333333333333334
0 0.7375 0.22833333333333333 0.03166666666666667 0.04666666666666667
0 0.58 0.30583333333333335 0.03166666666666667 0.025
0 0.6566666666666666 0.3225 0.025 0.016666666666666666
0 0.5575 0.24833333333333332 0.045 0.043333333333333335
0 0.4875 0.24333333333333335 0.035 0.043333333333333335
0 0.5258333333333334 0.24 0.025 0.03666666666666667
0 0.3858333333333333 0.3725 0.03333333333333333 0.043333333333333335
0 0.3983333333333333 0.26 0.04833333333333333 0.05333333333333334
0 0.3575 0.25916666666666666 0.03 0.045
0 0.37083333333333335 0.095 0.03333333333333333 0.028333333333333332