0 0.6066666666666667 0.15916666666666668 0.0475 0.05333333333333334
0 0.47333333333333333 0.049166666666666664 0.065 0.06333333333333334
0 0.4116666666666667 0.045 0.05 0.05583333333333333
0 0.3425 0.04583333333333333 0.05333333333333334 0.0575
0 0.2891666666666667 0.04416666666666667 0.05333333333333334 0.0575
0 0.23833333333333334 0.0325 0.0475 0.065
0 0.16083333333333333 0.07833333333333334 0.06916666666666667 0.05333333333333334
0 0.8116666666666666 0.4875 0.03666666666666667 0.0325
0 0.9275 0.6758333333333333 0.05333333333333334 0.05
0 0.8075 0.5366666666666666 0.04416666666666667 0.0425
0 0.695 0.44666666666666666 0.06166666666666667 0.065
0 0.78 0.5908333333333333 0.0575 0.0475
0 0.7675 0.645 0.059166666666666666 0.0475
0 0.6541666666666667 0.5875 0.06333333333333334 0.059166666666666666
0 0.6325 0.6408333333333334 0.05333333333333334 0.0475
0 0.495 0.5258333333333334 0.059166666666666666 0.05583333333333333
0 0.145 0.4575 0.051666666666666666 0.05333333333333334