0 0.6458333333333334 0.8141666666666667 0.023333333333333334 0.023333333333333334
0 0.4091666666666667 0.8025 0.015833333333333335 0.021666666666666667
0 0.3875 0.7891666666666667 0.018333333333333333 0.02666666666666667
0 0.58 0.7758333333333334 0.02666666666666667 0.025
0 0.465 0.7691666666666667 0.02666666666666667 0.025
0 0.36916666666666664 0.7483333333333333 0.025 0.02666666666666667
0 0.20333333333333334 0.5766666666666667 0.02666666666666667 0.025
0 0.12083333333333333 0.5733333333333334 0.030833333333333334 0.025
0 0.095 0.5516666666666666 0.0325 0.025
0 0.15916666666666668 0.5166666666666667 0.018333333333333333 0.02666666666666667
0 0.07666666666666666 0.48 0.028333333333333332 0.025
0 0.22583333333333333 0.4708333333333333 0.021666666666666667 0.023333333333333334