0 0.0016666666666666668 0.08916666666666667 0.0033333333333333335 0.02666666666666667
0 0.020833333333333332 0.2125 0.025 0.03
0 0.060833333333333336 0.16 0.0225 0.025
0 0.0775 0.3333333333333333 0.020833333333333332 0.0225
0 0.10333333333333333 0.3491666666666667 0.0225 0.02666666666666667
0 0.049166666666666664 0.3175 0.020833333333333332 0.03
0 0.285 0.44416666666666665 0.028333333333333332 0.0225
0 0.44666666666666666 0.4475 0.0225 0.020833333333333332
0 0.1575 0.5833333333333334 0.0225 0.019166666666666665
0 0.23166666666666666 0.6041666666666666 0.019166666666666665 0.028333333333333332
0 0.33166666666666667 0.5475 0.0225 0.025
0 0.9091666666666667 0.5725 0.0225 0.020833333333333332
0 0.8458333333333333 0.6008333333333333 0.0225 0.0225
0 0.7066666666666667 0.6791666666666667 0.03333333333333333 0.028333333333333332
0 0.7175 0.7233333333333334 0.0225 0.020833333333333332
0 0.6983333333333334 0.7366666666666667 0.019166666666666665 0.019166666666666665
0 0.6466666666666666 0.7458333333333333 0.0225 0.03
0 0.615 0.75 0.02666666666666667 0.03166666666666667
0 0.5508333333333333 0.7883333333333333 0.020833333333333332 0.025
0 0.495 0.8141666666666667 0.035 0.03666666666666667
0 0.4683333333333333 0.8425 0.035 0.03666666666666667
0 0.4275 0.8591666666666666 0.035 0.035
0 0.41 0.8891666666666667 0.03833333333333333 0.0425
0 0.3525 0.8966666666666666 0.03166666666666667 0.03
0 0.30916666666666665 0.9416666666666667 0.019166666666666665 0.020833333333333332
0 0.13 0.7016666666666667 0.020833333333333332 0.0225
0 0.12583333333333332 0.7525 0.019166666666666665 0.019166666666666665
0 0.22916666666666666 0.7633333333333333 0.0175 0.019166666666666665
0 0.22583333333333333 0.8033333333333333 0.0225 0.0225
0 0.24833333333333332 0.8316666666666667 0.020833333333333332 0.0225
0 0.2683333333333333 0.8133333333333334 0.019166666666666665 0.025
0 0.29833333333333334 0.8633333333333333 0.019166666666666665 0.019166666666666665
0 0.23416666666666666 0.9208333333333333 0.0175 0.020833333333333332
0 0.1375 0.965 0.025 0.028333333333333332
0 0.165 0.9316666666666666 0.02666666666666667 0.020833333333333332
0 0.21333333333333335 0.6533333333333333 0.025 0.025
0 0.4125 0.5625 0.0225 0.0225
0 0.43083333333333335 0.5516666666666666 0.0225 0.0225
0 0.6383333333333333 0.4091666666666667 0.015833333333333335 0.03
0 0.5175 0.505 0.014166666666666666 0.0175
0 0.5608333333333333 0.4841666666666667 0.0125 0.020833333333333332
0 0.5908333333333333 0.4741666666666667 0.015833333333333335 0.0225
0 0.6283333333333333 0.4716666666666667 0.014166666666666666 0.0175
0 0.6608333333333334 0.44333333333333336 0.019166666666666665 0.020833333333333332
0 0.2375 0.6658333333333334 0.025 0.0175
0 0.77 0.4033333333333333 0.0125 0.014166666666666666
0 0.8233333333333334 0.3775 0.0125 0.0125
0 0.7058333333333333 0.415 0.014166666666666666 0.019166666666666665
0 0.7716666666666666 0.43916666666666665 0.009166666666666667 0.0125
0 0.785 0.43333333333333335 0.014166666666666666 0.014166666666666666
0 0.7991666666666667 0.4275 0.014166666666666666 0.010833333333333334
0 0.8116666666666666 0.4175 0.0175 0.010833333333333334
0 0.855 0.4025 0.015833333333333335 0.0125
0 0.8958333333333334 0.38416666666666666 0.014166666666666666 0.014166666666666666
0 0.9225 0.365 0.010833333333333334 0.015833333333333335
0 0.9341666666666667 0.3566666666666667 0.015833333333333335 0.0125
0 0.5775 0.48 0.020833333333333332 0.0225
0 0.7383333333333333 0.3858333333333333 0.015833333333333335 0.014166666666666666
0 0.755 0.38333333333333336 0.014166666666666666 0.015833333333333335
0 0.7683333333333333 0.37333333333333335 0.0125 0.010833333333333334
0 0.7983333333333333 0.35833333333333334 0.0125 0.0125
0 0.8133333333333334 0.35 0.006666666666666667 0.010833333333333334
0 0.8691666666666666 0.395 0.0125 0.009166666666666667