0 0.64 0.4325 0.05 0.051666666666666666
0 0.5016666666666667 0.31583333333333335 0.043333333333333335 0.051666666666666666
0 0.45416666666666666 0.2775 0.051666666666666666 0.051666666666666666
0 0.23 0.0775 0.051666666666666666 0.05583333333333333
0 0.16 0.14916666666666667 0.05333333333333334 0.051666666666666666
0 0.15666666666666668 0.2791666666666667 0.075 0.085
0 0.08666666666666667 0.245 0.05 0.05
0 0.215 0.3525 0.05 0.05333333333333334
0 0.18166666666666667 0.035833333333333335 0.05333333333333334 0.051666666666666666
0 0.13333333333333333 0.0125 0.05 0.025
0 0.36 0.47833333333333333 0.05333333333333334 0.051666666666666666
0 0.41833333333333333 0.5241666666666667 0.0475 0.051666666666666666
0 0.47583333333333333 0.5733333333333334 0.051666666666666666 0.06333333333333334
0 0.5316666666666666 0.6283333333333333 0.043333333333333335 0.05333333333333334
0 0.5933333333333334 0.6775 0.0475 0.0575
0 0.8583333333333333 0.65 0.05 0.0575
0 0.9083333333333333 0.6933333333333334 0.051666666666666666 0.0575
0 0.9533333333333334 0.7358333333333333 0.04583333333333333 0.051666666666666666