0 0.275 0.6225 0.05416666666666667 0.0425
0 0.25666666666666665 0.4741666666666667 0.03333333333333333 0.03666666666666667
0 0.5408333333333334 0.4116666666666667 0.023333333333333334 0.03333333333333333
0 0.63 0.4191666666666667 0.023333333333333334 0.03666666666666667
0 0.1225 0.375 0.058333333333333334 0.06416666666666666
0 0.5066666666666667 0.10333333333333333 0.03333333333333333 0.03666666666666667
0 0.11666666666666667 0.20916666666666667 0.0275 0.05
0 0.355 0.8633333333333333 0.030833333333333334 0.03333333333333333
0 0.37 0.9533333333333334 0.03916666666666667 0.035
0 0.39166666666666666 0.9125 0.035 0.035
0 0.31083333333333335 0.785 0.03666666666666667 0.035
0 0.4683333333333333 0.31916666666666665 0.029166666666666667 0.03333333333333333
0 0.1225 0.018333333333333333 0.05 0.03333333333333333