0 0.32166666666666666 0.2425 0.034166666666666665 0.04
0 0.2841666666666667 0.24416666666666667 0.0325 0.04
0 0.9925 0.28583333333333333 0.011666666666666667 0.025
0 0.4483333333333333 0.2866666666666667 0.030833333333333334 0.0325
0 0.4475 0.32416666666666666 0.028333333333333332 0.030833333333333334
0 0.6008333333333333 0.5175 0.0175 0.019166666666666665
0 0.5808333333333333 0.52 0.015 0.020833333333333332
0 0.5175 0.52 0.019166666666666665 0.028333333333333332
0 0.39916666666666667 0.5216666666666666 0.013333333333333334 0.0175
0 0.225 0.5241666666666667 0.0175 0.0175
0 0.45 0.5625 0.015 0.0175
0 0.49166666666666664 0.6033333333333334 0.0175 0.019166666666666665
0 0.13583333333333333 0.61 0.02666666666666667 0.0325
0 0.275 0.6116666666666667 0.0325 0.0325
0 0.35083333333333333 0.6491666666666667 0.03833333333333333 0.030833333333333334
0 0.8475 0.9216666666666666 0.028333333333333332 0.034166666666666665
0 0.885 0.9225 0.034166666666666665 0.04416666666666667
0 0.7683333333333333 0.9891666666666666 0.02666666666666667 0.0175
0 0.8316666666666667 0.995 0.023333333333333334 0.005833333333333334