0 0.03833333333333333 0.41 0.05333333333333334 0.04
0 0.0525 0.4608333333333333 0.0475 0.04
0 0.06833333333333333 0.505 0.049166666666666664 0.04
0 0.14083333333333334 0.6 0.041666666666666664 0.035833333333333335
0 0.030833333333333334 0.6275 0.030833333333333334 0.030833333333333334
0 0.011666666666666667 0.8258333333333333 0.0225 0.043333333333333335
0 0.019166666666666665 0.8858333333333334 0.03833333333333333 0.049166666666666664
0 0.04 0.7441666666666666 0.04583333333333333 0.0475
0 0.085 0.7308333333333333 0.043333333333333335 0.0475
0 0.13333333333333333 0.7858333333333334 0.049166666666666664 0.043333333333333335
0 0.26416666666666666 0.6825 0.03833333333333333 0.041666666666666664
0 0.17 0.5833333333333334 0.025 0.02666666666666667
0 0.1875 0.595 0.020833333333333332 0.02666666666666667
0 0.25833333333333336 0.565 0.041666666666666664 0.03833333333333333
0 0.3433333333333333 0.1825 0.051666666666666666 0.041666666666666664
0 0.35833333333333334 0.22416666666666665 0.0475 0.03833333333333333
0 0.38666666666666666 0.325 0.055 0.041666666666666664
0 0.42083333333333334 0.4325 0.051666666666666666 0.04
0 0.4375 0.49333333333333335 0.049166666666666664 0.0475
0 0.455 0.5833333333333334 0.035833333333333335 0.030833333333333334
0 0.9675 0.7908333333333334 0.05333333333333334 0.05333333333333334
0 0.7841666666666667 0.9941666666666666 0.025 0.0075
0 0.5058333333333334 0.3725 0.019166666666666665 0.015
0 0.4841666666666667 0.36583333333333334 0.025 0.020833333333333332
0 0.4775 0.345 0.0225 0.020833333333333332
0 0.49416666666666664 0.3258333333333333 0.02666666666666667 0.020833333333333332
0 0.4666666666666667 0.32416666666666666 0.025 0.020833333333333332
0 0.45916666666666667 0.2991666666666667 0.025 0.0175
0 0.4575 0.2775 0.028333333333333332 0.0225
0 0.46 0.24166666666666667 0.05333333333333334 0.041666666666666664
0 0.5633333333333334 0.25583333333333336 0.051666666666666666 0.04
0 0.5816666666666667 0.28583333333333333 0.0225 0.020833333333333332
0 0.5666666666666667 0.2991666666666667 0.019166666666666665 0.020833333333333332
0 0.5725 0.3225 0.02666666666666667 0.020833333333333332
0 0.5891666666666666 0.30583333333333335 0.0225 0.0225
0 0.5816666666666667 0.3475 0.02666666666666667 0.0225
0 0.5991666666666666 0.3283333333333333 0.0225 0.020833333333333332
0 0.9441666666666667 0.025833333333333333 0.0475 0.0475
0 0.9008333333333334 0.12416666666666666 0.030833333333333334 0.025
0 0.9266666666666666 0.1275 0.020833333333333332 0.0225
0 0.9066666666666666 0.15083333333333335 0.0225 0.020833333333333332
0 0.9183333333333333 0.17416666666666666 0.030833333333333334 0.028333333333333332
0 0.9825 0.0075 0.030833333333333334 0.015
0 0.9891666666666666 0.03166666666666667 0.0175 0.04