0 0.5683333333333334 0.42833333333333334 0.05333333333333334 0.04583333333333333
0 0.8775 0.6966666666666667 0.0475 0.049166666666666664
0 0.985 0.7075 0.02666666666666667 0.045
0 0.9091666666666667 0.6516666666666666 0.04583333333333333 0.041666666666666664
0 0.9216666666666666 0.5991666666666666 0.050833333333333335 0.043333333333333335
0 0.9933333333333333 0.5308333333333334 0.01 0.055
0 0.21583333333333332 0.745 0.03 0.028333333333333332
0 0.7825 0.6066666666666667 0.019166666666666665 0.028333333333333332
0 0.6141666666666666 0.57 0.04 0.02666666666666667
0 0.715 0.6816666666666666 0.028333333333333332 0.03
0 0.7133333333333334 0.6066666666666667 0.028333333333333332 0.0325
0 0.6725 0.6091666666666666 0.03 0.04
0 0.7033333333333334 0.7133333333333334 0.020833333333333332 0.020833333333333332
0 0.49416666666666664 0.7566666666666667 0.03 0.025
0 0.42333333333333334 0.7625 0.0325 0.028333333333333332
0 0.5466666666666666 0.5875 0.035833333333333335 0.034166666666666665
0 0.505 0.645 0.028333333333333332 0.025
0 0.4666666666666667 0.6541666666666667 0.025 0.025
0 0.16666666666666666 0.8216666666666667 0.02666666666666667 0.03
0 0.11333333333333333 0.7541666666666667 0.0225 0.02666666666666667