0 0.24 0.33666666666666667 0.07666666666666666 0.0825
0 0.013333333333333334 0.4075 0.0225 0.075
0 0.2425 0.18166666666666667 0.0675 0.06916666666666667
0 0.6683333333333333 0.06916666666666667 0.06916666666666667 0.0675
0 0.3408333333333333 0.13333333333333333 0.06916666666666667 0.07916666666666666
0 0.5316666666666666 0.3016666666666667 0.056666666666666664 0.06583333333333333
0 0.7083333333333334 0.5125 0.056666666666666664 0.06916666666666667
0 0.895 0.4708333333333333 0.056666666666666664 0.06583333333333333
0 0.42083333333333334 0.55 0.049166666666666664 0.058333333333333334
0 0.14916666666666667 0.5925 0.08083333333333333 0.075
0 0.37916666666666665 0.765 0.035833333333333335 0.034166666666666665
0 0.15 0.1625 0.06416666666666666 0.06916666666666667
0 0.31666666666666665 0.6825 0.05416666666666667 0.07916666666666666