0 0.42833333333333334 0.24416666666666667 0.024166666666666666 0.03166666666666667
0 0.45666666666666667 0.24833333333333332 0.025833333333333333 0.024166666666666666
0 0.505 0.5508333333333333 0.021666666666666667 0.025833333333333333
0 0.53 0.5683333333333334 0.024166666666666666 0.03166666666666667
0 0.32416666666666666 0.16083333333333333 0.028333333333333332 0.03
0 0.3641666666666667 0.17416666666666666 0.024166666666666666 0.024166666666666666
0 0.4083333333333333 0.17083333333333334 0.028333333333333332 0.034166666666666665
0 0.30416666666666664 0.09666666666666666 0.024166666666666666 0.025833333333333333
0 0.3466666666666667 0.09333333333333334 0.025833333333333333 0.034166666666666665
0 0.39 0.09416666666666666 0.028333333333333332 0.03166666666666667
0 0.46416666666666667 0.095 0.03166666666666667 0.041666666666666664
0 0.44666666666666666 0.17333333333333334 0.021666666666666667 0.03833333333333333
0 0.49 0.175 0.035833333333333335 0.034166666666666665
0 0.5566666666666666 0.10166666666666667 0.034166666666666665 0.03166666666666667
0 0.5741666666666667 0.17916666666666667 0.03166666666666667 0.03833333333333333
0 0.53 0.17416666666666666 0.03166666666666667 0.035833333333333335
0 0.5716666666666667 0.0075 0.03 0.015
0 0.5508333333333333 0.01 0.021666666666666667 0.02