0 0.09416666666666666 0.7075 0.03916666666666667 0.041666666666666664
0 0.14166666666666666 0.7016666666666667 0.03166666666666667 0.0375
0 0.4091666666666667 0.7 0.035833333333333335 0.049166666666666664
0 0.4533333333333333 0.6925 0.03333333333333333 0.03916666666666667
0 0.5091666666666667 0.9358333333333333 0.025833333333333333 0.021666666666666667
0 0.10166666666666667 0.8933333333333333 0.025833333333333333 0.0275
0 0.48583333333333334 0.8116666666666666 0.03916666666666667 0.049166666666666664
0 0.5266666666666666 0.7566666666666667 0.045 0.041666666666666664
0 0.5466666666666666 0.6908333333333333 0.041666666666666664 0.043333333333333335
0 0.31916666666666665 0.7025 0.03916666666666667 0.043333333333333335
0 0.2725 0.7058333333333333 0.03333333333333333 0.0375
0 0.365 0.6975 0.03333333333333333 0.045
0 0.5316666666666666 0.07083333333333333 0.050833333333333335 0.043333333333333335
0 0.4741666666666667 0.07 0.0475 0.041666666666666664
0 0.29833333333333334 0.07833333333333334 0.03333333333333333 0.043333333333333335
0 0.16916666666666666 0.08166666666666667 0.035833333333333335 0.041666666666666664
0 0.21083333333333334 0.08 0.035833333333333335 0.0375
0 0.255 0.0775 0.041666666666666664 0.045
0 0.62 0.0675 0.03916666666666667 0.049166666666666664
0 0.6625 0.06666666666666667 0.0375 0.035833333333333335
0 0.7058333333333333 0.065 0.0375 0.043333333333333335
0 0.6341666666666667 0.6841666666666667 0.02 0.025833333333333333
0 0.6741666666666667 0.6891666666666667 0.025833333333333333 0.0275
0 0.8541666666666666 0.68 0.023333333333333334 0.021666666666666667
0 0.3408333333333333 0.8216666666666667 0.03166666666666667 0.0375
0 0.23166666666666666 0.7 0.03333333333333333 0.0375
0 0.7975 0.5541666666666667 0.0275 0.025833333333333333
0 0.38166666666666665 0.08 0.03166666666666667 0.0375
0 0.0075 0.12083333333333333 0.015 0.03166666666666667
0 0.03666666666666667 0.08333333333333333 0.025833333333333333 0.025833333333333333
0 0.20083333333333334 0.18833333333333332 0.023333333333333334 0.03333333333333333
0 0.2375 0.18416666666666667 0.0175 0.021666666666666667
0 0.09833333333333333 0.18916666666666668 0.015833333333333335 0.023333333333333334
0 0.09583333333333334 0.029166666666666667 0.025833333333333333 0.023333333333333334
0 0.8975 0.11916666666666667 0.0275 0.021666666666666667
0 0.9675 0.8041666666666667 0.021666666666666667 0.025833333333333333
0 0.8566666666666667 0.5908333333333333 0.015833333333333335 0.0275
0 0.9725 0.07 0.02 0.029166666666666667
0 0.685 0.17333333333333334 0.023333333333333334 0.02
0 0.725 0.6858333333333333 0.0175 0.025833333333333333
0 0.7666666666666667 0.68 0.021666666666666667 0.021666666666666667
0 0.8808333333333334 0.059166666666666666 0.021666666666666667 0.023333333333333334
0 0.8975 0.16833333333333333 0.0275 0.021666666666666667
0 0.8358333333333333 0.16666666666666666 0.0175 0.025833333333333333
0 0.8633333333333333 0.1725 0.0175 0.021666666666666667