0 0.4525 0.5008333333333334 0.06916666666666667 0.0725
0 0.645 0.5766666666666667 0.0575 0.045
0 0.125 0.6416666666666667 0.04833333333333333 0.04083333333333333
0 0.165 0.7175 0.05416666666666667 0.0425
0 0.6358333333333334 0.5133333333333333 0.06 0.04083333333333333
0 0.7825 0.5058333333333334 0.05 0.0375
0 0.7758333333333334 0.46 0.045 0.035833333333333335
0 0.73 0.7375 0.0425 0.04666666666666667
0 0.67 0.7466666666666667 0.04833333333333333 0.045
0 0.5525 0.7733333333333333 0.045 0.04666666666666667
0 0.49666666666666665 0.7816666666666666 0.045 0.045
0 0.4483333333333333 0.7866666666666666 0.03916666666666667 0.05