0 0.5933333333333334 0.6216666666666667 0.0475 0.04083333333333333
0 0.87 0.38166666666666665 0.0425 0.04416666666666667
0 0.9733333333333334 0.37083333333333335 0.035833333333333335 0.0375
0 0.8983333333333333 0.4216666666666667 0.04083333333333333 0.0375
0 0.9091666666666667 0.4683333333333333 0.04583333333333333 0.03916666666666667
0 0.9833333333333333 0.5316666666666666 0.03 0.05
0 0.9916666666666667 0.4575 0.013333333333333334 0.035
0 0.2783333333333333 0.3383333333333333 0.0275 0.025833333333333333
0 0.785 0.46166666666666667 0.016666666666666666 0.025833333333333333
0 0.635 0.495 0.035833333333333335 0.023333333333333334
0 0.7241666666666666 0.395 0.025833333333333333 0.0275
0 0.7225 0.46166666666666667 0.025833333333333333 0.029166666666666667
0 0.6866666666666666 0.46 0.0275 0.035833333333333335
0 0.7141666666666666 0.36666666666666664 0.018333333333333333 0.018333333333333333
0 0.5275 0.3283333333333333 0.0275 0.021666666666666667
0 0.4633333333333333 0.3225 0.029166666666666667 0.025833333333333333
0 0.5733333333333334 0.48 0.0325 0.030833333333333334
0 0.5366666666666666 0.42833333333333334 0.025833333333333333 0.021666666666666667
0 0.5025 0.4191666666666667 0.021666666666666667 0.021666666666666667
0 0.23416666666666666 0.26916666666666667 0.023333333333333334 0.0275
0 0.18666666666666668 0.3308333333333333 0.02 0.023333333333333334