0 0.9808333333333333 0.7133333333333334 0.0375 0.058333333333333334
0 0.9816666666666667 0.7733333333333333 0.03333333333333333 0.06666666666666667
0 0.9391666666666667 0.8 0.056666666666666664 0.058333333333333334
0 0.89 0.7641666666666667 0.0325 0.04083333333333333
0 0.8366666666666667 0.7433333333333333 0.049166666666666664 0.06666666666666667
0 0.7833333333333333 0.7216666666666667 0.0375 0.0375
0 0.8433333333333334 0.6283333333333333 0.058333333333333334 0.065
0 0.7833333333333333 0.6 0.050833333333333335 0.049166666666666664
0 0.7358333333333333 0.6925 0.050833333333333335 0.065
0 0.6825 0.6616666666666666 0.04083333333333333 0.056666666666666664
0 0.6025 0.6808333333333333 0.034166666666666665 0.030833333333333334
0 0.5816666666666667 0.7108333333333333 0.0375 0.035833333333333335
0 0.7116666666666667 0.8958333333333334 0.034166666666666665 0.034166666666666665
0 0.7433333333333333 0.8991666666666667 0.0325 0.024166666666666666
0 0.7616666666666667 0.9266666666666666 0.056666666666666664 0.034166666666666665
0 0.7608333333333334 0.9633333333333334 0.04416666666666667 0.0325
0 0.6666666666666666 0.9883333333333333 0.04 0.02
0 0.51 0.9633333333333334 0.020833333333333332 0.025833333333333333
0 0.4583333333333333 0.9075 0.029166666666666667 0.020833333333333332
0 0.3933333333333333 0.8875 0.04583333333333333 0.0475
0 0.37333333333333335 0.9525 0.0275 0.024166666666666666
0 0.29 0.9133333333333333 0.06833333333333333 0.055
0 0.32666666666666666 0.855 0.06 0.050833333333333335
0 0.28583333333333333 0.845 0.029166666666666667 0.0375
0 0.24833333333333332 0.8258333333333333 0.03916666666666667 0.0275
0 0.2658333333333333 0.7566666666666667 0.04416666666666667 0.0325
0 0.28 0.7233333333333334 0.0375 0.024166666666666666
0 0.2875 0.6875 0.0325 0.030833333333333334
0 0.17083333333333334 0.6866666666666666 0.04416666666666667 0.0425
0 0.12666666666666668 0.745 0.0475 0.0525
0 0.07333333333333333 0.7666666666666667 0.034166666666666665 0.035833333333333335
0 0.04666666666666667 0.6716666666666666 0.035833333333333335 0.029166666666666667
0 0.023333333333333334 0.6416666666666667 0.035833333333333335 0.0275
0 0.12833333333333333 0.5666666666666667 0.030833333333333334 0.034166666666666665
0 0.058333333333333334 0.5391666666666667 0.0275 0.030833333333333334
0 0.049166666666666664 0.425 0.0375 0.030833333333333334
0 0.22833333333333333 0.4816666666666667 0.024166666666666666 0.025833333333333333
0 0.19416666666666665 0.4633333333333333 0.034166666666666665 0.03916666666666667
0 0.26916666666666667 0.39 0.035833333333333335 0.03916666666666667
0 0.13666666666666666 0.365 0.030833333333333334 0.0275
0 0.6 0.9591666666666666 0.029166666666666667 0.0275
0 0.685 0.30916666666666665 0.0425 0.034166666666666665
0 0.7383333333333333 0.0825 0.035833333333333335 0.0325
0 0.7108333333333333 0.049166666666666664 0.035833333333333335 0.0375
0 0.6641666666666667 0.10666666666666667 0.0475 0.0325
0 0.6325 0.16333333333333333 0.06 0.049166666666666664
0 0.5775 0.265 0.06333333333333334 0.0525
0 0.5408333333333334 0.33166666666666667 0.0375 0.029166666666666667
0 0.4841666666666667 0.2683333333333333 0.03916666666666667 0.0375
0 0.25833333333333336 0.0275 0.035833333333333335 0.04083333333333333
0 0.26 0.16666666666666666 0.0325 0.03916666666666667
0 0.23666666666666666 0.18916666666666668 0.035833333333333335 0.0375
0 0.23 0.25333333333333335 0.04083333333333333 0.0325
0 0.3308333333333333 0.32666666666666666 0.04083333333333333 0.029166666666666667
0 0.1075 0.30583333333333335 0.0475 0.04083333333333333
0 0.4816666666666667 0.8425 0.019166666666666665 0.0225
0 0.4708333333333333 0.9491666666666667 0.020833333333333332 0.024166666666666666
0 0.4475 0.9333333333333333 0.0375 0.0275
0 0.4816666666666667 0.8633333333333333 0.0325 0.024166666666666666