0 0.09416666666666666 0.6258333333333334 0.035833333333333335 0.04666666666666667
0 0.505 0.69 0.03166666666666667 0.03333333333333333
0 0.7991666666666667 0.7233333333333334 0.028333333333333332 0.03166666666666667
0 0.9225 0.7091666666666666 0.024166666666666666 0.0375
0 0.9741666666666666 0.5825 0.025833333333333333 0.03333333333333333
0 0.925 0.5716666666666667 0.0225 0.028333333333333332
0 0.8658333333333333 0.5616666666666666 0.025833333333333333 0.03333333333333333
0 0.7825 0.5533333333333333 0.035833333333333335 0.035833333333333335
0 0.6666666666666666 0.5491666666666667 0.0425 0.0425
0 0.49916666666666665 0.5241666666666667 0.0425 0.0375
0 0.4008333333333333 0.5075 0.04083333333333333 0.0525