0 0.605 0.43333333333333335 0.07083333333333333 0.0625
0 0.2758333333333333 0.49583333333333335 0.04583333333333333 0.0425
0 0.2708333333333333 0.4475 0.04583333333333333 0.04083333333333333
0 0.37166666666666665 0.7133333333333334 0.04083333333333333 0.0525
0 0.43416666666666665 0.7141666666666666 0.04083333333333333 0.0475
0 0.5583333333333333 0.7241666666666666 0.035833333333333335 0.04583333333333333
0 0.6158333333333333 0.7183333333333334 0.03916666666666667 0.04583333333333333
0 0.6616666666666666 0.7166666666666667 0.0325 0.03916666666666667
0 0.93 0.5958333333333333 0.0525 0.0425
0 0.4275 0.5408333333333334 0.05416666666666667 0.0375
0 0.42583333333333334 0.47583333333333333 0.0575 0.0325