0 0.845 0.9425 0.035 0.04083333333333333
0 0.41333333333333333 0.9641666666666666 0.03333333333333333 0.0425
0 0.9075 0.25833333333333336 0.03666666666666667 0.03916666666666667
0 0.8633333333333333 0.26416666666666666 0.03 0.035
0 0.6108333333333333 0.2658333333333333 0.03333333333333333 0.04666666666666667
0 0.5691666666666667 0.2725 0.03166666666666667 0.03666666666666667
0 0.5175 0.043333333333333335 0.024166666666666666 0.02
0 0.9008333333333334 0.08333333333333333 0.024166666666666666 0.025833333333333333
0 0.5391666666666667 0.16 0.03666666666666667 0.04666666666666667
0 0.5008333333333334 0.21166666666666667 0.0425 0.03916666666666667
0 0.4825 0.27416666666666667 0.03916666666666667 0.04083333333333333
0 0.6966666666666667 0.2633333333333333 0.03666666666666667 0.04083333333333333
0 0.74 0.26 0.03166666666666667 0.035
0 0.6525 0.2675 0.03166666666666667 0.0425
0 0.49666666666666665 0.8575 0.04833333333333333 0.04083333333333333
0 0.55 0.8583333333333333 0.04416666666666667 0.03916666666666667
0 0.7158333333333333 0.85 0.03166666666666667 0.04083333333333333
0 0.8366666666666667 0.8475 0.03333333333333333 0.03916666666666667
0 0.7983333333333333 0.8491666666666666 0.03333333333333333 0.035
0 0.7566666666666667 0.8508333333333333 0.03916666666666667 0.0425
0 0.41333333333333333 0.86 0.03666666666666667 0.04666666666666667
0 0.37333333333333335 0.8608333333333333 0.035 0.03333333333333333
0 0.3325 0.8633333333333333 0.035 0.04083333333333333
0 0.4 0.2808333333333333 0.018333333333333333 0.024166666666666666
0 0.3616666666666667 0.2758333333333333 0.024166666666666666 0.025833333333333333
0 0.1925 0.2841666666666667 0.0225 0.02
0 0.6758333333333333 0.15083333333333335 0.03 0.035
0 0.7783333333333333 0.2658333333333333 0.03166666666666667 0.035
0 0.24666666666666667 0.4025 0.025833333333333333 0.024166666666666666
0 0.6366666666666667 0.8491666666666666 0.03 0.035
0 0.04083333333333333 0.7425 0.0225 0.0225
0 0.9908333333333333 0.81 0.015 0.03
0 0.9616666666666667 0.845 0.024166666666666666 0.024166666666666666
0 0.8075 0.7475 0.0225 0.03166666666666667
0 0.7733333333333333 0.7508333333333334 0.016666666666666666 0.02
0 0.9033333333333333 0.7466666666666667 0.015 0.0225
0 0.9066666666666666 0.8966666666666666 0.024166666666666666 0.0225
0 0.7591666666666667 0.9425 0.025833333333333333 0.025833333333333333
0 0.15166666666666667 0.8116666666666666 0.025833333333333333 0.02
0 0.008333333333333333 0.1675 0.013333333333333334 0.0275
0 0.04833333333333333 0.16583333333333333 0.015 0.024166666666666666
0 0.08583333333333333 0.1675 0.02 0.024166666666666666
0 0.19083333333333333 0.36833333333333335 0.015 0.025833333333333333
0 0.08166666666666667 0.8583333333333333 0.018333333333333333 0.0275
0 0.3516666666666667 0.7608333333333334 0.0225 0.018333333333333333
0 0.31416666666666665 0.2783333333333333 0.016666666666666666 0.024166666666666666
0 0.275 0.2841666666666667 0.02 0.02
0 0.1675 0.8683333333333333 0.02 0.0225
0 0.15166666666666667 0.7658333333333334 0.025833333333333333 0.02
0 0.21 0.7675 0.016666666666666666 0.024166666666666666
0 0.18416666666666667 0.7616666666666667 0.016666666666666666 0.02