0 0.2275 0.665 0.021666666666666667 0.029166666666666667
0 0.26166666666666666 0.6716666666666666 0.0275 0.03166666666666667
0 0.3275 0.6766666666666666 0.0375 0.04083333333333333
0 0.3933333333333333 0.6841666666666667 0.025 0.029166666666666667
0 0.3641666666666667 0.8316666666666667 0.025 0.03166666666666667
0 0.3925 0.8341666666666666 0.0275 0.03166666666666667
0 0.3858333333333333 0.8816666666666667 0.04083333333333333 0.03333333333333333
0 0.6233333333333333 0.9083333333333333 0.03166666666666667 0.03916666666666667
0 0.6883333333333334 0.9066666666666666 0.029166666666666667 0.035
0 0.7433333333333333 0.8616666666666667 0.03333333333333333 0.03166666666666667
0 0.7041666666666667 0.6591666666666667 0.0375 0.045
0 0.7883333333333333 0.8075 0.029166666666666667 0.0375
0 0.8433333333333334 0.8708333333333333 0.0275 0.035
0 0.8425 0.8058333333333333 0.056666666666666664 0.0525
0 0.9066666666666666 0.8133333333333334 0.055 0.0525
0 0.9733333333333334 0.795 0.045 0.055
0 0.8558333333333333 0.6741666666666667 0.03166666666666667 0.035
0 0.9758333333333333 0.675 0.0375 0.0525