0 0.1375 0.1775 0.05 0.04583333333333333
0 0.25333333333333335 0.18666666666666668 0.0375 0.035833333333333335
0 0.015 0.20666666666666667 0.025833333333333333 0.0475
0 0.32416666666666666 0.21666666666666667 0.0575 0.051666666666666666
0 0.4575 0.2625 0.0375 0.03
0 0.34833333333333333 0.3458333333333333 0.03 0.025833333333333333
0 0.67 0.3491666666666667 0.03 0.02
0 0.44666666666666666 0.37833333333333335 0.035833333333333335 0.025833333333333333
0 0.43166666666666664 0.42583333333333334 0.03 0.025833333333333333
0 0.9208333333333333 0.43666666666666665 0.035833333333333335 0.0275
0 0.9641666666666666 0.44333333333333336 0.024166666666666666 0.021666666666666667
0 0.7083333333333334 0.45166666666666666 0.043333333333333335 0.04583333333333333
0 0.8808333333333334 0.4625 0.035833333333333335 0.024166666666666666
0 0.5725 0.5008333333333334 0.041666666666666664 0.04583333333333333
0 0.6733333333333333 0.5091666666666667 0.021666666666666667 0.025833333333333333
0 0.9408333333333333 0.5091666666666667 0.0275 0.03
0 0.47333333333333333 0.5108333333333334 0.03333333333333333 0.025833333333333333
0 0.53 0.54 0.024166666666666666 0.0275
0 0.7916666666666666 0.5458333333333333 0.051666666666666666 0.043333333333333335
0 0.895 0.5975 0.03166666666666667 0.024166666666666666
0 0.83 0.6525 0.025833333333333333 0.024166666666666666
0 0.8291666666666667 0.7025 0.02 0.024166666666666666
0 0.8541666666666666 0.7141666666666666 0.021666666666666667 0.02
0 0.016666666666666666 0.06583333333333333 0.025833333333333333 0.024166666666666666
0 0.07083333333333333 0.0725 0.025833333333333333 0.03