0 0.06333333333333334 0.3725 0.03 0.04083333333333333
0 0.045 0.30666666666666664 0.035 0.03166666666666667
0 0.05 0.26916666666666667 0.025833333333333333 0.0275
0 0.4558333333333333 0.4025 0.025833333333333333 0.024166666666666666
0 0.4066666666666667 0.3491666666666667 0.03166666666666667 0.03166666666666667
0 0.32 0.44083333333333335 0.03 0.03333333333333333
0 0.3516666666666667 0.4475 0.03 0.03166666666666667
0 0.41 0.4116666666666667 0.0275 0.0275
0 0.019166666666666665 0.2675 0.024166666666666666 0.02
0 0.6033333333333334 0.4225 0.0225 0.0225
0 0.6441666666666667 0.4241666666666667 0.0225 0.018333333333333333
0 0.9566666666666667 0.5483333333333333 0.0275 0.04083333333333333
0 0.005 0.3016666666666667 0.009166666666666667 0.03