0 0.895 0.6516666666666666 0.03333333333333333 0.03166666666666667
0 0.9341666666666667 0.6808333333333333 0.03333333333333333 0.0275
0 0.9658333333333333 0.7083333333333334 0.03333333333333333 0.0275
0 0.9891666666666666 0.7333333333333333 0.018333333333333333 0.03333333333333333
0 0.2125 0.14083333333333334 0.0275 0.03333333333333333
0 0.17333333333333334 0.11083333333333334 0.0275 0.029166666666666667
0 0.06416666666666666 0.011666666666666667 0.029166666666666667 0.023333333333333334
0 0.11833333333333333 0.005833333333333334 0.0275 0.011666666666666667
0 0.17916666666666667 0.011666666666666667 0.023333333333333334 0.023333333333333334
0 0.1625 0.03166666666666667 0.025833333333333333 0.0275
0 0.029166666666666667 0.020833333333333332 0.02 0.0175
0 0.0325 0.0033333333333333335 0.021666666666666667 0.005833333333333334
0 0.42333333333333334 0.24 0.023333333333333334 0.02