0 0.02666666666666667 0.30916666666666665 0.045 0.03916666666666667
0 0.7675 0.4766666666666667 0.03916666666666667 0.0275
0 0.6541666666666667 0.6016666666666667 0.045 0.049166666666666664
0 0.5475 0.6908333333333333 0.043333333333333335 0.055
0 0.8 0.7966666666666666 0.049166666666666664 0.05333333333333334
0 0.7116666666666667 0.8683333333333333 0.05333333333333334 0.0475
0 0.6608333333333334 0.8275 0.049166666666666664 0.0575
0 0.6216666666666667 0.7816666666666666 0.0475 0.055
0 0.58 0.7391666666666666 0.045 0.049166666666666664
0 0.5 0.7558333333333334 0.043333333333333335 0.0475
0 0.5166666666666667 0.7933333333333333 0.045 0.0475
0 0.49583333333333335 0.8333333333333334 0.043333333333333335 0.049166666666666664
0 0.5541666666666667 0.8175 0.041666666666666664 0.05333333333333334
0 0.5275 0.8575 0.035833333333333335 0.041666666666666664
0 0.5591666666666667 0.9041666666666667 0.043333333333333335 0.05333333333333334
0 0.6025 0.8816666666666667 0.03916666666666667 0.035833333333333335
0 0.5725 0.86 0.043333333333333335 0.043333333333333335
0 0.9691666666666666 0.2683333333333333 0.041666666666666664 0.05333333333333334
0 0.8333333333333334 0.24416666666666667 0.03333333333333333 0.043333333333333335
0 0.8075 0.1975 0.03166666666666667 0.049166666666666664
0 0.6883333333333334 0.19166666666666668 0.03333333333333333 0.045
0 0.7141666666666666 0.23 0.03916666666666667 0.043333333333333335
0 0.74 0.2733333333333333 0.0275 0.043333333333333335
0 0.6966666666666667 0.2725 0.035833333333333335 0.0375
0 0.7666666666666667 0.31583333333333335 0.0375 0.045
0 0.7266666666666667 0.31166666666666665 0.035833333333333335 0.045