0 0.43666666666666665 0.21583333333333332 0.03833333333333333 0.03666666666666667
0 0.64 0.1775 0.035 0.04
0 0.6691666666666667 0.2225 0.035 0.03833333333333333
0 0.44166666666666665 0.35583333333333333 0.051666666666666666 0.07166666666666667
0 0.5083333333333333 0.37916666666666665 0.05333333333333334 0.07666666666666666
0 0.2225 0.3408333333333333 0.03833333333333333 0.051666666666666666
0 0.265 0.37833333333333335 0.03833333333333333 0.03833333333333333
0 0.2758333333333333 0.4191666666666667 0.056666666666666664 0.03666666666666667
0 0.1675 0.35583333333333333 0.04583333333333333 0.03833333333333333
0 0.14833333333333334 0.39666666666666667 0.04416666666666667 0.0425
0 0.07666666666666666 0.42333333333333334 0.04416666666666667 0.04
0 0.04583333333333333 0.45916666666666667 0.0475 0.03833333333333333
0 0.059166666666666666 0.5541666666666667 0.04583333333333333 0.0425
0 0.056666666666666664 0.6441666666666667 0.0475 0.03833333333333333
0 0.025833333333333333 0.7583333333333333 0.051666666666666666 0.04416666666666667
0 0.04583333333333333 0.8 0.058333333333333334 0.04416666666666667
0 0.035833333333333335 0.9158333333333334 0.0425 0.04
0 0.26916666666666667 0.7808333333333334 0.08416666666666667 0.060833333333333336
0 0.2675 0.7141666666666666 0.08416666666666667 0.058333333333333334
0 0.25333333333333335 0.8508333333333333 0.08583333333333333 0.0675
0 0.2683333333333333 0.5175 0.060833333333333336 0.049166666666666664
0 0.47333333333333333 0.8441666666666666 0.09333333333333334 0.1025
0 0.4191666666666667 0.6116666666666667 0.0875 0.06583333333333333
0 0.5758333333333333 0.5858333333333333 0.060833333333333336 0.0625
0 0.7108333333333333 0.6766666666666666 0.058333333333333334 0.0675
0 0.7783333333333333 0.7783333333333333 0.09916666666666667 0.1175
0 0.6508333333333334 0.9775 0.08583333333333333 0.0425
0 0.8708333333333333 0.7475 0.0675 0.07333333333333333