0 0.505 0.67 0.0625 0.0675
0 0.5866666666666667 0.6683333333333333 0.0725 0.06416666666666666
0 0.6558333333333334 0.6608333333333334 0.0725 0.06916666666666667
0 0.7141666666666666 0.6633333333333333 0.045 0.05333333333333334
0 0.7708333333333334 0.6241666666666666 0.06416666666666666 0.059166666666666666
0 0.245 0.8533333333333334 0.04 0.030833333333333334
0 0.36083333333333334 0.85 0.04 0.025833333333333333
0 0.4716666666666667 0.8425 0.03666666666666667 0.020833333333333332
0 0.8216666666666667 0.27666666666666667 0.06583333333333333 0.051666666666666666
0 0.7666666666666667 0.4 0.07583333333333334 0.059166666666666666
0 0.7758333333333334 0.5583333333333333 0.07416666666666667 0.060833333333333336
0 0.7641666666666667 0.4866666666666667 0.085 0.060833333333333336