0 0.9858333333333333 0.0575 0.0175 0.024166666666666666
0 0.9583333333333334 0.18083333333333335 0.024166666666666666 0.03
0 0.9183333333333333 0.12916666666666668 0.0225 0.024166666666666666
0 0.9025 0.3016666666666667 0.020833333333333332 0.0225
0 0.8766666666666667 0.3175 0.0225 0.025833333333333333
0 0.93 0.28583333333333333 0.020833333333333332 0.03
0 0.6958333333333333 0.4116666666666667 0.028333333333333332 0.0225
0 0.5358333333333334 0.4141666666666667 0.0225 0.020833333333333332
0 0.8225 0.55 0.0225 0.019166666666666665
0 0.7491666666666666 0.57 0.019166666666666665 0.028333333333333332
0 0.6491666666666667 0.5141666666666667 0.0225 0.024166666666666666
0 0.07583333333333334 0.5383333333333333 0.0225 0.020833333333333332
0 0.13916666666666666 0.5675 0.0225 0.0225
0 0.2775 0.645 0.03333333333333333 0.028333333333333332
0 0.26666666666666666 0.6891666666666667 0.0225 0.020833333333333332
0 0.28583333333333333 0.7016666666666667 0.019166666666666665 0.019166666666666665
0 0.33666666666666667 0.7108333333333333 0.0225 0.03
0 0.36833333333333335 0.715 0.025833333333333333 0.03166666666666667
0 0.43166666666666664 0.7533333333333333 0.020833333333333332 0.024166666666666666
0 0.4875 0.7791666666666667 0.035 0.03666666666666667
0 0.5141666666666667 0.8066666666666666 0.035 0.03666666666666667
0 0.5541666666666667 0.8233333333333334 0.035 0.035
0 0.5716666666666667 0.8533333333333334 0.03833333333333333 0.041666666666666664
0 0.6291666666666667 0.8608333333333333 0.03166666666666667 0.03
0 0.6725 0.9058333333333334 0.019166666666666665 0.020833333333333332
0 0.85 0.6666666666666666 0.020833333333333332 0.0225
0 0.8541666666666666 0.7175 0.019166666666666665 0.019166666666666665
0 0.7516666666666667 0.7283333333333334 0.0175 0.019166666666666665
0 0.7541666666666667 0.7683333333333333 0.0225 0.0225
0 0.7325 0.7966666666666666 0.020833333333333332 0.0225
0 0.7125 0.7783333333333333 0.019166666666666665 0.024166666666666666
0 0.6825 0.8275 0.019166666666666665 0.019166666666666665
0 0.7466666666666667 0.885 0.0175 0.020833333333333332
0 0.8425 0.9283333333333333 0.024166666666666666 0.028333333333333332
0 0.8158333333333333 0.895 0.025833333333333333 0.020833333333333332
0 0.7675 0.6191666666666666 0.024166666666666666 0.024166666666666666
0 0.5691666666666667 0.5291666666666667 0.0225 0.0225
0 0.5516666666666666 0.5183333333333333 0.0225 0.0225
0 0.345 0.37666666666666665 0.015833333333333335 0.03
0 0.465 0.4716666666666667 0.014166666666666666 0.0175
0 0.4225 0.4508333333333333 0.0125 0.020833333333333332
0 0.3925 0.44166666666666665 0.015833333333333335 0.0225
0 0.355 0.43916666666666665 0.014166666666666666 0.0175
0 0.3225 0.41083333333333333 0.019166666666666665 0.020833333333333332
0 0.7433333333333333 0.6308333333333334 0.024166666666666666 0.0175
0 0.21416666666666667 0.37083333333333335 0.0125 0.014166666666666666
0 0.16166666666666665 0.345 0.0125 0.0125
0 0.2783333333333333 0.38166666666666665 0.014166666666666666 0.019166666666666665
0 0.2125 0.4066666666666667 0.008333333333333333 0.0125
0 0.19916666666666666 0.4 0.014166666666666666 0.014166666666666666
0 0.185 0.395 0.014166666666666666 0.010833333333333334
0 0.17333333333333334 0.385 0.0175 0.010833333333333334
0 0.13 0.37 0.015833333333333335 0.0125
0 0.08916666666666667 0.3516666666666667 0.014166666666666666 0.014166666666666666
0 0.06333333333333334 0.3333333333333333 0.010833333333333334 0.015833333333333335
0 0.051666666666666666 0.32416666666666666 0.015833333333333335 0.0125
0 0.4058333333333333 0.44666666666666666 0.020833333333333332 0.0225
0 0.24583333333333332 0.35333333333333333 0.015833333333333335 0.014166666666666666
0 0.22916666666666666 0.35083333333333333 0.014166666666666666 0.015833333333333335
0 0.21583333333333332 0.3408333333333333 0.0125 0.010833333333333334
0 0.18583333333333332 0.3258333333333333 0.0125 0.0125
0 0.17166666666666666 0.31833333333333336 0.006666666666666667 0.010833333333333334
0 0.11666666666666667 0.3625 0.0125 0.008333333333333333