0 0.6658333333333334 0.5333333333333333 0.03 0.04083333333333333
0 0.6283333333333333 0.5425 0.025833333333333333 0.0375
0 0.5916666666666667 0.5541666666666667 0.03 0.04083333333333333
0 0.5566666666666666 0.5683333333333334 0.03166666666666667 0.0425
0 0.30916666666666665 0.4658333333333333 0.03166666666666667 0.03916666666666667
0 0.5025 0.58 0.028333333333333332 0.03
0 0.46 0.6425 0.03166666666666667 0.028333333333333332
0 0.4041666666666667 0.7016666666666667 0.028333333333333332 0.0375
0 0.3641666666666667 0.7208333333333333 0.025833333333333333 0.035833333333333335
0 0.325 0.7316666666666667 0.025833333333333333 0.0375
0 0.23916666666666667 0.425 0.03 0.0375
0 0.21333333333333335 0.4041666666666667 0.03166666666666667 0.035833333333333335
0 0.4 0.7441666666666666 0.03166666666666667 0.03
0 0.3358333333333333 0.7641666666666667 0.03333333333333333 0.03166666666666667
0 0.2725 0.67 0.018333333333333333 0.025833333333333333
0 0.3725 0.7516666666666667 0.028333333333333332 0.025833333333333333
0 0.015833333333333335 0.4716666666666667 0.028333333333333332 0.03