0 0.020833333333333332 0.3333333333333333 0.041666666666666664 0.06
0 0.10333333333333333 0.31 0.04833333333333333 0.06166666666666667
0 0.4558333333333333 0.2916666666666667 0.05 0.05583333333333333
0 0.5216666666666666 0.30916666666666665 0.05 0.05583333333333333
0 0.6883333333333334 0.3725 0.04666666666666667 0.058333333333333334
0 0.7641666666666667 0.4116666666666667 0.04416666666666667 0.0525
0 0.8991666666666667 0.5233333333333333 0.04666666666666667 0.0425
0 0.9358333333333333 0.5783333333333334 0.0425 0.04083333333333333
0 0.9741666666666666 0.6183333333333333 0.04833333333333333 0.0425
0 0.0875 0.0875 0.0425 0.05416666666666667
0 0.19666666666666666 0.09416666666666666 0.04833333333333333 0.05583333333333333
0 0.255 0.095 0.04833333333333333 0.05416666666666667
0 0.43333333333333335 0.09916666666666667 0.0525 0.05416666666666667
0 0.8441666666666666 0.10666666666666667 0.04416666666666667 0.058333333333333334
0 0.9825 0.31083333333333335 0.030833333333333334 0.0525