0 0.36666666666666664 0.775 0.04 0.0375
0 0.5766666666666667 0.8141666666666667 0.035833333333333335 0.041666666666666664
0 0.6066666666666667 0.7683333333333333 0.035833333333333335 0.04
0 0.37083333333333335 0.63 0.05333333333333334 0.07416666666666667
0 0.44 0.6058333333333333 0.055 0.07916666666666666
0 0.145 0.6458333333333334 0.04 0.05333333333333334
0 0.18833333333333332 0.6066666666666667 0.04 0.04
0 0.2 0.5641666666666667 0.058333333333333334 0.0375
0 0.08833333333333333 0.63 0.0475 0.04
0 0.06833333333333333 0.5883333333333334 0.04583333333333333 0.043333333333333335
0 0.01 0.5591666666666667 0.02 0.045
0 0.19333333333333333 0.19 0.0875 0.0625
0 0.19166666666666668 0.25916666666666666 0.0875 0.060833333333333336
0 0.1775 0.11833333333333333 0.08916666666666667 0.07
0 0.1925 0.4633333333333333 0.0625 0.050833333333333335
0 0.4041666666666667 0.125 0.09666666666666666 0.10583333333333333
0 0.34833333333333333 0.36583333333333334 0.09083333333333334 0.06833333333333333
0 0.51 0.39166666666666666 0.0625 0.06416666666666666
0 0.65 0.29833333333333334 0.060833333333333336 0.07
0 0.72 0.19333333333333333 0.1025 0.12083333333333333
0 0.815 0.225 0.07 0.07583333333333334