0 0.985 0.23083333333333333 0.02666666666666667 0.03833333333333333
0 0.88 0.21166666666666667 0.030833333333333334 0.030833333333333334
0 0.9683333333333334 0.2866666666666667 0.03833333333333333 0.030833333333333334
0 0.925 0.38333333333333336 0.029166666666666667 0.030833333333333334
0 0.9066666666666666 0.425 0.025833333333333333 0.03333333333333333
0 0.8625 0.4066666666666667 0.03333333333333333 0.029166666666666667
0 0.82 0.36666666666666664 0.030833333333333334 0.021666666666666667
0 0.82 0.3308333333333333 0.035 0.024166666666666666
0 0.8508333333333333 0.26916666666666667 0.030833333333333334 0.029166666666666667
0 0.7183333333333334 0.34 0.04416666666666667 0.03833333333333333
0 0.5566666666666666 0.24916666666666668 0.03666666666666667 0.03333333333333333
0 0.82 0.5658333333333333 0.04583333333333333 0.029166666666666667
0 0.055 0.5183333333333333 0.04 0.029166666666666667
0 0.41333333333333333 0.26 0.030833333333333334 0.029166666666666667
0 0.44333333333333336 0.29083333333333333 0.03666666666666667 0.029166666666666667
0 0.2275 0.2866666666666667 0.03666666666666667 0.024166666666666666
0 0.2025 0.3125 0.0275 0.0275
0 0.12583333333333332 0.38333333333333336 0.03833333333333333 0.03833333333333333
0 0.0075 0.03666666666666667 0.010833333333333334 0.04
0 0.185 0.09666666666666666 0.03333333333333333 0.029166666666666667
0 0.09083333333333334 0.07666666666666666 0.0275 0.03333333333333333
0 0.045 0.1275 0.03833333333333333 0.0275
0 0.07166666666666667 0.18166666666666667 0.03666666666666667 0.03333333333333333
0 0.04416666666666667 0.3025 0.04416666666666667 0.029166666666666667
0 0.25666666666666665 0.4225 0.029166666666666667 0.0425
0 0.07916666666666666 0.2808333333333333 0.021666666666666667 0.02
0 0.335 0.345 0.021666666666666667 0.0275