0 0.0675 0.5983333333333334 0.060833333333333336 0.07083333333333333
0 0.21583333333333332 0.3 0.041666666666666664 0.05333333333333334
0 0.20666666666666667 0.8166666666666667 0.03916666666666667 0.035833333333333335
0 0.31166666666666665 0.7941666666666667 0.041666666666666664 0.041666666666666664
0 0.355 0.775 0.045 0.045
0 0.49333333333333335 0.7616666666666667 0.049166666666666664 0.0475
0 0.665 0.7491666666666666 0.050833333333333335 0.045
0 0.6925 0.8608333333333333 0.06333333333333334 0.05333333333333334
0 0.9091666666666667 0.6608333333333334 0.035833333333333335 0.049166666666666664
0 0.8475 0.5541666666666667 0.0375 0.0375
0 0.7608333333333334 0.24916666666666668 0.045 0.0375
0 0.8116666666666666 0.12666666666666668 0.03333333333333333 0.041666666666666664
0 0.86 0.20166666666666666 0.050833333333333335 0.045
0 0.7108333333333333 0.03166666666666667 0.043333333333333335 0.03916666666666667
0 0.795 0.07583333333333334 0.050833333333333335 0.049166666666666664
0 0.9283333333333333 0.03166666666666667 0.041666666666666664 0.035833333333333335