0 0.44 0.6808333333333333 0.025833333333333333 0.025833333333333333
0 0.49333333333333335 0.715 0.023333333333333334 0.025833333333333333
0 0.5483333333333333 0.7466666666666667 0.0275 0.025833333333333333
0 0.5766666666666667 0.7633333333333333 0.025833333333333333 0.0275
0 0.6325 0.7966666666666666 0.023333333333333334 0.0275
0 0.6641666666666667 0.8091666666666667 0.025833333333333333 0.0275
0 0.6858333333333333 0.8283333333333334 0.025833333333333333 0.025833333333333333
0 0.6025 0.8641666666666666 0.029166666666666667 0.030833333333333334
0 0.5716666666666667 0.8491666666666666 0.0275 0.030833333333333334
0 0.4891666666666667 0.7983333333333333 0.025833333333333333 0.030833333333333334
0 0.4608333333333333 0.7816666666666666 0.0275 0.030833333333333334