0 0.2525 0.8625 0.045 0.041666666666666664
0 0.375 0.8325 0.045 0.043333333333333335
0 0.32916666666666666 0.7941666666666667 0.03916666666666667 0.0375
0 0.43666666666666665 0.7983333333333333 0.03916666666666667 0.03916666666666667
0 0.385 0.6783333333333333 0.03916666666666667 0.03916666666666667
0 0.35 0.7583333333333333 0.030833333333333334 0.034166666666666665
0 0.455 0.7041666666666667 0.04666666666666667 0.04833333333333333
0 0.485 0.635 0.034166666666666665 0.029166666666666667
0 0.5475 0.3983333333333333 0.045 0.04833333333333333
0 0.51 0.2791666666666667 0.02666666666666667 0.025
0 0.4791666666666667 0.17333333333333334 0.041666666666666664 0.045
0 0.5425 0.17083333333333334 0.041666666666666664 0.043333333333333335
0 0.4975 0.13 0.04833333333333333 0.041666666666666664
0 0.010833333333333334 0.11416666666666667 0.021666666666666667 0.030833333333333334
0 0.023333333333333334 0.03166666666666667 0.0325 0.0375
0 0.13166666666666665 0.5541666666666667 0.035833333333333335 0.029166666666666667