0 0.7491666666666666 0.22583333333333333 0.023333333333333334 0.023333333333333334
0 0.7325 0.24333333333333335 0.023333333333333334 0.025833333333333333
0 0.7166666666666667 0.25666666666666665 0.023333333333333334 0.025833333333333333
0 0.6983333333333334 0.2758333333333333 0.02 0.018333333333333333
0 0.7566666666666667 0.3575 0.021666666666666667 0.023333333333333334
0 0.7291666666666666 0.37166666666666665 0.0275 0.018333333333333333
0 0.72 0.3925 0.0275 0.018333333333333333
0 0.7125 0.4191666666666667 0.025833333333333333 0.018333333333333333
0 0.7016666666666667 0.4425 0.023333333333333334 0.016666666666666666
0 0.7708333333333334 0.43583333333333335 0.023333333333333334 0.02
0 0.6433333333333333 0.2708333333333333 0.025833333333333333 0.023333333333333334
0 0.6283333333333333 0.25583333333333336 0.029166666666666667 0.023333333333333334
0 0.6116666666666667 0.24083333333333334 0.023333333333333334 0.023333333333333334
0 0.5958333333333333 0.22083333333333333 0.029166666666666667 0.018333333333333333
0 0.6433333333333333 0.21083333333333334 0.025833333333333333 0.021666666666666667
0 0.6275 0.19333333333333333 0.0275 0.02
0 0.7225 0.19416666666666665 0.029166666666666667 0.021666666666666667
0 0.7016666666666667 0.21083333333333334 0.023333333333333334 0.021666666666666667
0 0.7 0.15333333333333332 0.023333333333333334 0.025833333333333333
0 0.7175 0.1375 0.021666666666666667 0.02
0 0.7358333333333333 0.12333333333333334 0.02 0.023333333333333334
0 0.7525 0.10583333333333333 0.02 0.025833333333333333
0 0.73 0.09333333333333334 0.029166666666666667 0.023333333333333334
0 0.7083333333333334 0.09416666666666666 0.023333333333333334 0.025833333333333333
0 0.6866666666666666 0.09666666666666666 0.023333333333333334 0.023333333333333334
0 0.6625 0.095 0.023333333333333334 0.0275
0 0.64 0.0875 0.021666666666666667 0.018333333333333333
0 0.6116666666666667 0.0725 0.030833333333333334 0.0275
0 0.615 0.09666666666666666 0.023333333333333334 0.02
0 0.5975 0.10916666666666666 0.025833333333333333 0.021666666666666667
0 0.6183333333333333 0.1225 0.023333333333333334 0.021666666666666667
0 0.6333333333333333 0.13916666666666666 0.029166666666666667 0.023333333333333334
0 0.6491666666666667 0.1575 0.034166666666666665 0.0275
0 0.7266666666666667 0.07583333333333334 0.021666666666666667 0.029166666666666667