0 0.9275 0.09666666666666666 0.04416666666666667 0.0425
0 0.8366666666666667 0.16333333333333333 0.0325 0.03666666666666667
0 0.7575 0.19416666666666665 0.03666666666666667 0.04416666666666667
0 0.8241666666666667 0.22 0.0425 0.03833333333333333
0 0.6991666666666667 0.23333333333333334 0.035 0.0425
0 0.65 0.2708333333333333 0.0325 0.04416666666666667
0 0.5925 0.29833333333333334 0.035 0.04083333333333333
0 0.5391666666666667 0.3283333333333333 0.03666666666666667 0.03833333333333333
0 0.49166666666666664 0.3591666666666667 0.03666666666666667 0.03833333333333333
0 0.44 0.385 0.03833333333333333 0.04083333333333333
0 0.2525 0.475 0.03833333333333333 0.04666666666666667
0 0.48 0.4866666666666667 0.04083333333333333 0.035
0 0.30916666666666665 0.49333333333333335 0.035 0.03666666666666667
0 0.20833333333333334 0.9825 0.03833333333333333 0.030833333333333334
0 0.8158333333333333 0.011666666666666667 0.04083333333333333 0.023333333333333334
0 0.8833333333333333 0.028333333333333332 0.04083333333333333 0.04833333333333333
0 0.9183333333333333 0.05 0.04083333333333333 0.035