0 0.45666666666666667 0.5433333333333333 0.029166666666666667 0.0325
0 0.005 0.7008333333333333 0.01 0.045
0 0.535 0.4583333333333333 0.015833333333333335 0.021666666666666667
0 0.5916666666666667 0.44083333333333335 0.018333333333333333 0.018333333333333333
0 0.6183333333333333 0.435 0.014166666666666666 0.010833333333333334
0 0.6475 0.425 0.014166666666666666 0.02
0 0.6766666666666666 0.41333333333333333 0.014166666666666666 0.014166666666666666
0 0.9366666666666666 0.37416666666666665 0.025 0.035833333333333335
0 0.9291666666666667 0.3275 0.034166666666666665 0.029166666666666667
0 0.9783333333333334 0.3516666666666667 0.025 0.030833333333333334
0 0.9883333333333333 0.305 0.02 0.030833333333333334
0 0.25416666666666665 0.9683333333333334 0.030833333333333334 0.02666666666666667
0 0.5716666666666667 0.37666666666666665 0.014166666666666666 0.015833333333333335
0 0.5991666666666666 0.36 0.014166666666666666 0.014166666666666666
0 0.6258333333333334 0.35 0.018333333333333333 0.02
0 0.44666666666666666 0.3283333333333333 0.0125 0.0125
0 0.4241666666666667 0.3258333333333333 0.010833333333333334 0.018333333333333333
0 0.44083333333333335 0.31583333333333335 0.014166666666666666 0.015833333333333335
0 0.5008333333333334 0.2808333333333333 0.015833333333333335 0.018333333333333333
0 0.5125 0.2683333333333333 0.014166666666666666 0.010833333333333334
0 0.4925 0.26916666666666667 0.014166666666666666 0.015833333333333335
0 0.505 0.255 0.014166666666666666 0.014166666666666666