0 0.87 0.55 0.0625 0.06583333333333333
0 0.8 0.5533333333333333 0.060833333333333336 0.0625
0 0.7025 0.6158333333333333 0.06583333333333333 0.0625
0 0.6208333333333333 0.605 0.041666666666666664 0.05
0 0.6341666666666667 0.4975 0.043333333333333335 0.04
0 0.575 0.6783333333333333 0.0575 0.04833333333333333
0 0.5516666666666666 0.635 0.03833333333333333 0.035
0 0.5083333333333333 0.53 0.03833333333333333 0.0325
0 0.06666666666666667 0.4925 0.05333333333333334 0.05333333333333334
0 0.29 0.5933333333333334 0.0575 0.059166666666666666
0 0.38416666666666666 0.6083333333333333 0.0625 0.0675
0 0.44166666666666665 0.6491666666666667 0.04 0.045
0 0.29083333333333333 0.49833333333333335 0.04833333333333333 0.051666666666666666
0 0.24416666666666667 0.44416666666666665 0.045 0.05
0 0.19583333333333333 0.395 0.055 0.060833333333333336
0 0.145 0.3383333333333333 0.0625 0.07416666666666667
0 0.09083333333333334 0.2758333333333333 0.0575 0.0575
0 0.1525 0.16666666666666666 0.055 0.05333333333333334
0 0.20916666666666667 0.19666666666666666 0.045 0.0575
0 0.2633333333333333 0.2275 0.045 0.060833333333333336