0 0.2925 0.695 0.04583333333333333 0.035833333333333335
0 0.3258333333333333 0.7658333333333334 0.043333333333333335 0.03833333333333333
0 0.1075 0.9325 0.0625 0.07
0 0.0175 0.55 0.034166666666666665 0.051666666666666666
0 0.0725 0.5583333333333333 0.03833333333333333 0.043333333333333335
0 0.12666666666666668 0.5766666666666667 0.043333333333333335 0.0475
0 0.21833333333333332 0.4166666666666667 0.03833333333333333 0.03833333333333333
0 0.115 0.3825 0.035833333333333335 0.03833333333333333
0 0.049166666666666664 0.365 0.034166666666666665 0.049166666666666664
0 0.14583333333333334 0.82 0.043333333333333335 0.035833333333333335
0 0.13333333333333333 0.8766666666666667 0.065 0.05333333333333334