0 0.5808333333333333 0.145 0.030833333333333334 0.025833333333333333
0 0.5816666666666667 0.18 0.04583333333333333 0.030833333333333334
0 0.5758333333333333 0.21916666666666668 0.03916666666666667 0.030833333333333334
0 0.9308333333333333 0.23583333333333334 0.025833333333333333 0.0325
0 0.9866666666666667 0.49583333333333335 0.023333333333333334 0.03166666666666667
0 0.985 0.9508333333333333 0.02666666666666667 0.028333333333333332
0 0.5491666666666667 0.77 0.04583333333333333 0.035833333333333335
0 0.5375 0.5116666666666667 0.0375 0.030833333333333334
0 0.55 0.44083333333333335 0.04416666666666667 0.03916666666666667
0 0.26416666666666666 0.11916666666666667 0.04583333333333333 0.035833333333333335
0 0.25583333333333336 0.19666666666666666 0.035833333333333335 0.0275
0 0.25166666666666665 0.22666666666666666 0.04416666666666667 0.0325
0 0.245 0.28833333333333333 0.04833333333333333 0.035833333333333335
0 0.23833333333333334 0.35583333333333333 0.04416666666666667 0.034166666666666665
0 0.23 0.3958333333333333 0.0425 0.04083333333333333
0 0.22833333333333333 0.435 0.0325 0.0275
0 0.23833333333333334 0.6441666666666667 0.034166666666666665 0.034166666666666665
0 0.31166666666666665 0.7866666666666666 0.04416666666666667 0.035833333333333335