0 0.8575 0.07416666666666667 0.08166666666666667 0.0875
0 0.7666666666666667 0.07666666666666666 0.075 0.08166666666666667
0 0.7375 0.22166666666666668 0.04833333333333333 0.0625
0 0.7016666666666667 0.35583333333333333 0.0375 0.03916666666666667
0 0.8408333333333333 0.455 0.03 0.0375
0 0.8016666666666666 0.4575 0.03 0.04666666666666667
0 0.925 0.07833333333333334 0.028333333333333332 0.03166666666666667
0 0.6716666666666666 0.025833333333333333 0.034166666666666665 0.03
0 0.2775 0.45 0.06416666666666666 0.05333333333333334
0 0.2991666666666667 0.49666666666666665 0.056666666666666664 0.05
0 0.8216666666666667 0.5508333333333333 0.028333333333333332 0.04083333333333333
0 0.8391666666666666 0.575 0.034166666666666665 0.0425
0 0.15416666666666667 0.11583333333333333 0.04833333333333333 0.04666666666666667
0 0.060833333333333336 0.23416666666666666 0.05 0.04833333333333333
0 0.16333333333333333 0.235 0.04666666666666667 0.060833333333333336
0 0.27666666666666667 0.2875 0.051666666666666666 0.051666666666666666