0 0.5166666666666667 0.8158333333333333 0.02 0.016666666666666666
0 0.5525 0.8266666666666667 0.02 0.015
0 0.5041666666666667 0.8908333333333334 0.021666666666666667 0.015
0 0.5708333333333333 0.9008333333333334 0.03 0.028333333333333332
0 0.675 0.9008333333333334 0.025 0.025
0 0.7025 0.9008333333333334 0.02666666666666667 0.035833333333333335
0 0.695 0.8316666666666667 0.028333333333333332 0.025
0 0.75 0.835 0.03 0.025
0 0.6825 0.5433333333333333 0.02666666666666667 0.028333333333333332
0 0.7158333333333333 0.42833333333333334 0.02666666666666667 0.028333333333333332
0 0.7275 0.37333333333333335 0.028333333333333332 0.02666666666666667
0 0.7333333333333333 0.345 0.02666666666666667 0.02666666666666667
0 0.7908333333333334 0.3641666666666667 0.03 0.035833333333333335
0 0.8408333333333333 0.38416666666666666 0.03 0.025
0 0.8275 0.43333333333333335 0.02666666666666667 0.035833333333333335
0 0.7991666666666667 0.4325 0.02666666666666667 0.02666666666666667
0 0.6458333333333334 0.4075 0.0325 0.02666666666666667
0 0.6616666666666666 0.3625 0.0325 0.028333333333333332
0 0.6683333333333333 0.3375 0.0325 0.02666666666666667
0 0.6016666666666667 0.3075 0.02666666666666667 0.02666666666666667
0 0.59 0.33166666666666667 0.03916666666666667 0.025
0 0.5758333333333333 0.35583333333333333 0.03 0.028333333333333332
0 0.5666666666666667 0.37916666666666665 0.035833333333333335 0.025
0 0.5141666666666667 0.30833333333333335 0.035833333333333335 0.028333333333333332
0 0.5216666666666666 0.2833333333333333 0.034166666666666665 0.0325
0 0.5333333333333333 0.26 0.03916666666666667 0.03
0 0.5341666666666667 0.23 0.04083333333333333 0.03
0 0.5441666666666667 0.20083333333333334 0.04416666666666667 0.03
0 0.55 0.17666666666666667 0.03916666666666667 0.028333333333333332
0 0.5566666666666666 0.1525 0.03916666666666667 0.025
0 0.565 0.12416666666666666 0.03916666666666667 0.028333333333333332
0 0.4766666666666667 0.2866666666666667 0.02666666666666667 0.025
0 0.4683333333333333 0.2683333333333333 0.025 0.023333333333333334
0 0.4533333333333333 0.2475 0.025 0.025
0 0.38 0.35333333333333333 0.03 0.02666666666666667
0 0.37166666666666665 0.3225 0.03 0.02666666666666667
0 0.3541666666666667 0.30416666666666664 0.025 0.02666666666666667
0 0.3358333333333333 0.2825 0.03 0.02666666666666667
0 0.2575 0.31833333333333336 0.035833333333333335 0.025
0 0.26916666666666667 0.33666666666666667 0.0325 0.025
0 0.2833333333333333 0.3591666666666667 0.0325 0.025
0 0.30333333333333334 0.375 0.028333333333333332 0.02666666666666667