0 0.635 0.23083333333333333 0.0275 0.0275
0 0.5775 0.19333333333333333 0.025 0.0275
0 0.5183333333333333 0.16 0.029166666666666667 0.0275
0 0.48833333333333334 0.14166666666666666 0.0275 0.029166666666666667
0 0.42833333333333334 0.10666666666666667 0.025 0.029166666666666667
0 0.39416666666666667 0.0925 0.0275 0.029166666666666667
0 0.37083333333333335 0.0725 0.0275 0.0275
0 0.4608333333333333 0.034166666666666665 0.03166666666666667 0.03333333333333333
0 0.49333333333333335 0.05 0.029166666666666667 0.03333333333333333
0 0.5816666666666667 0.10416666666666667 0.0275 0.03333333333333333
0 0.6125 0.12166666666666667 0.029166666666666667 0.03333333333333333