0 0.5483333333333333 0.1825 0.04 0.03
0 0.2916666666666667 0.185 0.041666666666666664 0.03833333333333333
0 0.39666666666666667 0.19416666666666665 0.04583333333333333 0.041666666666666664
0 0.29333333333333333 0.23083333333333333 0.03833333333333333 0.03833333333333333
0 0.3958333333333333 0.2375 0.0475 0.04583333333333333
0 0.28833333333333333 0.2725 0.03833333333333333 0.03833333333333333
0 0.44333333333333336 0.275 0.03333333333333333 0.03333333333333333
0 0.3958333333333333 0.2833333333333333 0.043333333333333335 0.041666666666666664
0 0.5483333333333333 0.29333333333333333 0.04 0.035
0 0.5466666666666666 0.35083333333333333 0.0475 0.03666666666666667
0 0.5458333333333333 0.4025 0.041666666666666664 0.035
0 0.44333333333333336 0.4225 0.03666666666666667 0.03333333333333333
0 0.5466666666666666 0.45666666666666667 0.03666666666666667 0.03166666666666667
0 0.5458333333333333 0.5116666666666667 0.04583333333333333 0.03
0 0.2991666666666667 0.5616666666666666 0.0525 0.060833333333333336
0 0.5458333333333333 0.57 0.03833333333333333 0.03833333333333333
0 0.4166666666666667 0.7016666666666667 0.025833333333333333 0.025833333333333333
0 0.4191666666666667 0.745 0.035 0.03166666666666667
0 0.4166666666666667 0.7891666666666667 0.03666666666666667 0.03333333333333333
0 0.5416666666666666 0.7958333333333333 0.06333333333333334 0.05583333333333333
0 0.4166666666666667 0.8358333333333333 0.04 0.041666666666666664
0 0.5391666666666667 0.8591666666666666 0.060833333333333336 0.05416666666666667
0 0.41833333333333333 0.88 0.04 0.025833333333333333
0 0.535 0.9183333333333333 0.049166666666666664 0.04
0 0.5475 0.12916666666666668 0.03833333333333333 0.028333333333333332
0 0.44666666666666666 0.13083333333333333 0.04 0.035
0 0.2375 0.1325 0.041666666666666664 0.03833333333333333
0 0.2941666666666667 0.13916666666666666 0.043333333333333335 0.03666666666666667
0 0.3958333333333333 0.14583333333333334 0.043333333333333335 0.03666666666666667