0 0.9241666666666667 0.5983333333333334 0.07916666666666666 0.09
0 0.9758333333333333 0.5608333333333333 0.0475 0.07333333333333333
0 0.7525 0.5308333333333334 0.0475 0.0475
0 0.7141666666666666 0.5575 0.0475 0.056666666666666664
0 0.88 0.2525 0.0825 0.07333333333333333
0 0.7233333333333334 0.4166666666666667 0.08416666666666667 0.07916666666666666
0 0.61 0.4891666666666667 0.08083333333333333 0.09166666666666666
0 0.585 0.6983333333333334 0.049166666666666664 0.0425
0 0.4741666666666667 0.7566666666666667 0.0625 0.055
0 0.47 0.6258333333333334 0.05333333333333334 0.0425
0 0.445 0.6533333333333333 0.0475 0.04583333333333333
0 0.43416666666666665 0.5816666666666667 0.06583333333333333 0.060833333333333336
0 0.28583333333333333 0.6425 0.058333333333333334 0.04416666666666667
0 0.13166666666666665 0.8083333333333333 0.09166666666666666 0.10833333333333334
0 0.2625 0.3325 0.0825 0.075
0 0.11916666666666667 0.5083333333333333 0.03666666666666667 0.03833333333333333
0 0.09 0.4666666666666667 0.03333333333333333 0.03666666666666667
0 0.049166666666666664 0.5566666666666666 0.04 0.04
0 0.010833333333333334 0.5683333333333334 0.018333333333333333 0.035
0 0.010833333333333334 0.49 0.018333333333333333 0.0425
0 0.7658333333333334 0.575 0.058333333333333334 0.0475
0 0.37083333333333335 0.8366666666666667 0.07166666666666667 0.051666666666666666