0 0.34 0.17333333333333334 0.025 0.025
0 0.59 0.18583333333333332 0.016666666666666666 0.0225
0 0.6133333333333333 0.2 0.019166666666666665 0.028333333333333332
0 0.41 0.21416666666666667 0.028333333333333332 0.02666666666666667
0 0.5316666666666666 0.22166666666666668 0.028333333333333332 0.02666666666666667
0 0.6325 0.24333333333333335 0.02666666666666667 0.028333333333333332
0 0.8075 0.4241666666666667 0.028333333333333332 0.02666666666666667
0 0.895 0.42833333333333334 0.0325 0.02666666666666667
0 0.9225 0.4508333333333333 0.034166666666666665 0.02666666666666667
0 0.8541666666666666 0.4875 0.019166666666666665 0.028333333333333332
0 0.9416666666666667 0.5266666666666666 0.03 0.02666666666666667
0 0.7841666666666667 0.5366666666666666 0.0225 0.025