0 0.33416666666666667 0.44 0.03916666666666667 0.04833333333333333
0 0.975 0.18666666666666668 0.04666666666666667 0.04666666666666667
0 0.23083333333333333 0.6058333333333333 0.045 0.043333333333333335
0 0.29333333333333333 0.61 0.035833333333333335 0.043333333333333335
0 0.36083333333333334 0.615 0.0375 0.04666666666666667
0 0.02666666666666667 0.5875 0.029166666666666667 0.034166666666666665
0 0.0525 0.5825 0.025 0.0325
0 0.07916666666666666 0.5858333333333333 0.025 0.0375
0 0.05416666666666667 0.6675 0.029166666666666667 0.0325
0 0.08666666666666667 0.6683333333333333 0.025 0.030833333333333334
0 0.4216666666666667 0.61 0.023333333333333334 0.018333333333333333