0 0.10083333333333333 0.4708333333333333 0.06916666666666667 0.07666666666666666
0 0.195 0.45916666666666667 0.0625 0.07833333333333334
0 0.31916666666666665 0.2708333333333333 0.07333333333333333 0.056666666666666664
0 0.04416666666666667 0.035 0.04666666666666667 0.04416666666666667
0 0.5258333333333334 0.09666666666666666 0.058333333333333334 0.08333333333333333
0 0.5716666666666667 0.33916666666666667 0.0875 0.06583333333333333
0 0.5583333333333333 0.4033333333333333 0.07083333333333333 0.06583333333333333
0 0.8325 0.14833333333333334 0.06416666666666666 0.08333333333333333
0 0.9191666666666667 0.16666666666666666 0.058333333333333334 0.06916666666666667
0 0.9741666666666666 0.37416666666666665 0.04833333333333333 0.07666666666666666
0 0.9566666666666667 0.6025 0.08333333333333333 0.09083333333333334