0 0.7125 0.6916666666666667 0.03666666666666667 0.04
0 0.5141666666666667 0.6816666666666666 0.04583333333333333 0.04583333333333333
0 0.57 0.7958333333333333 0.03833333333333333 0.035
0 0.6091666666666666 0.84 0.04 0.03666666666666667
0 0.49 0.555 0.03666666666666667 0.043333333333333335
0 0.4475 0.5041666666666667 0.03833333333333333 0.04
0 0.36666666666666664 0.23 0.050833333333333335 0.043333333333333335
0 0.22416666666666665 0.3283333333333333 0.049166666666666664 0.03833333333333333
0 0.38916666666666666 0.3016666666666667 0.03666666666666667 0.04
0 0.23833333333333334 0.3925 0.050833333333333335 0.043333333333333335
0 0.25583333333333336 0.4508333333333333 0.043333333333333335 0.041666666666666664
0 0.275 0.5183333333333333 0.03333333333333333 0.03333333333333333
0 0.6616666666666666 0.6616666666666666 0.04 0.043333333333333335
0 0.7775 0.7008333333333333 0.0225 0.024166666666666666
0 0.8225 0.73 0.03333333333333333 0.03333333333333333
0 0.7641666666666667 0.8566666666666667 0.035 0.03166666666666667
0 0.7441666666666666 0.8866666666666667 0.03333333333333333 0.03166666666666667
0 0.305 0.5791666666666667 0.04 0.03333333333333333