0 0.18416666666666667 0.705 0.029166666666666667 0.0375
0 0.0925 0.6983333333333334 0.0325 0.04416666666666667
0 0.5533333333333333 0.66 0.029166666666666667 0.0325
0 0.31083333333333335 0.6341666666666667 0.08 0.07833333333333334
0 0.5216666666666666 0.6308333333333334 0.04083333333333333 0.04083333333333333
0 0.6408333333333334 0.5858333333333333 0.030833333333333334 0.025833333333333333
0 0.32416666666666666 0.5633333333333334 0.0525 0.04583333333333333
0 0.6533333333333333 0.5433333333333333 0.049166666666666664 0.04583333333333333
0 0.5258333333333334 0.54 0.0475 0.049166666666666664
0 0.4008333333333333 0.5108333333333334 0.0425 0.04583333333333333
0 0.67 0.49416666666666664 0.04583333333333333 0.04583333333333333
0 0.54 0.49083333333333334 0.04583333333333333 0.049166666666666664
0 0.3466666666666667 0.46416666666666667 0.049166666666666664 0.0475
0 0.5516666666666666 0.435 0.0525 0.04583333333333333
0 0.715 0.4275 0.07416666666666667 0.07083333333333333
0 0.5683333333333334 0.37666666666666665 0.04583333333333333 0.0475
0 0.38416666666666666 0.31083333333333335 0.059166666666666666 0.049166666666666664
0 0.1575 0.9358333333333333 0.04083333333333333 0.030833333333333334
0 0.5841666666666666 0.3016666666666667 0.04583333333333333 0.0475
0 0.6025 0.2475 0.0425 0.04083333333333333
0 0.41333333333333333 0.20333333333333334 0.030833333333333334 0.030833333333333334
0 0.7441666666666666 0.18666666666666668 0.07416666666666667 0.07416666666666667
0 0.41833333333333333 0.15333333333333332 0.0475 0.0425
0 0.6308333333333334 0.1225 0.04416666666666667 0.0425
0 0.43 0.105 0.04583333333333333 0.04416666666666667
0 0.7433333333333333 0.0925 0.035833333333333335 0.0325
0 0.9641666666666666 0.07666666666666666 0.023333333333333334 0.034166666666666665
0 0.4375 0.06 0.050833333333333335 0.0425
0 0.7575 0.0525 0.034166666666666665 0.034166666666666665
0 0.365 0.03666666666666667 0.0325 0.029166666666666667
0 0.41 0.030833333333333334 0.0375 0.04416666666666667
0 0.7408333333333333 0.020833333333333332 0.0375 0.029166666666666667
0 0.7 0.014166666666666666 0.030833333333333334 0.025833333333333333