0 0.9733333333333334 0.7625 0.05 0.045
0 0.9308333333333333 0.7983333333333333 0.105 0.13833333333333334
0 0.7841666666666667 0.5625 0.04416666666666667 0.04416666666666667
0 0.7966666666666666 0.525 0.04416666666666667 0.0425
0 0.7166666666666667 0.5258333333333334 0.03166666666666667 0.029166666666666667
0 0.5625 0.4675 0.029166666666666667 0.03166666666666667
0 0.6175 0.47583333333333333 0.024166666666666666 0.025833333333333333
0 0.6041666666666666 0.5208333333333334 0.0275 0.024166666666666666
0 0.5975 0.55 0.018333333333333333 0.0225
0 0.5916666666666667 0.5725 0.02 0.0275
0 0.5808333333333333 0.5958333333333333 0.018333333333333333 0.025833333333333333
0 0.5741666666666667 0.6225 0.025833333333333333 0.0275
0 0.5166666666666667 0.655 0.025833333333333333 0.025833333333333333
0 0.4791666666666667 0.8091666666666667 0.03166666666666667 0.035
0 0.2475 0.8158333333333333 0.03333333333333333 0.04083333333333333
0 0.19833333333333333 0.8291666666666667 0.0275 0.03166666666666667
0 0.1175 0.8241666666666667 0.0275 0.0275
0 0.23833333333333334 0.6666666666666666 0.025833333333333333 0.02
0 0.26666666666666666 0.665 0.03166666666666667 0.0275
0 0.29333333333333333 0.6525 0.029166666666666667 0.024166666666666666
0 0.32083333333333336 0.6491666666666667 0.029166666666666667 0.029166666666666667
0 0.3466666666666667 0.6491666666666667 0.025833333333333333 0.025833333333333333
0 0.37166666666666665 0.6458333333333334 0.0275 0.0225
0 0.3858333333333333 0.6958333333333333 0.029166666666666667 0.03333333333333333
0 0.6883333333333334 0.2916666666666667 0.0225 0.018333333333333333
0 0.7041666666666667 0.26916666666666667 0.024166666666666666 0.0225
0 0.6733333333333333 0.23333333333333334 0.025833333333333333 0.024166666666666666
0 0.66 0.25583333333333336 0.02 0.02
0 0.6458333333333334 0.2708333333333333 0.0225 0.0225
0 0.6325 0.2916666666666667 0.018333333333333333 0.0225
0 0.7675 0.2575 0.03333333333333333 0.0275
0 0.6725 0.15583333333333332 0.024166666666666666 0.02
0 0.6525 0.23333333333333334 0.02 0.024166666666666666
0 0.6375 0.25083333333333335 0.024166666666666666 0.025833333333333333
0 0.3283333333333333 0.21833333333333332 0.029166666666666667 0.0275
0 0.30916666666666665 0.19583333333333333 0.024166666666666666 0.029166666666666667
0 0.245 0.26166666666666666 0.03333333333333333 0.03333333333333333
0 0.22083333333333333 0.285 0.03166666666666667 0.0275
0 0.22083333333333333 0.31 0.03166666666666667 0.025833333333333333
0 0.19583333333333333 0.31083333333333335 0.029166666666666667 0.0275
0 0.17416666666666666 0.335 0.03166666666666667 0.0275
0 0.15 0.3616666666666667 0.03166666666666667 0.029166666666666667
0 0.15166666666666667 0.76 0.0225 0.03333333333333333
0 0.25 0.8591666666666666 0.0425 0.03833333333333333
0 0.1975 0.86 0.03333333333333333 0.025833333333333333
0 0.09583333333333334 0.8516666666666667 0.03333333333333333 0.03166666666666667
0 0.69 0.015 0.029166666666666667 0.025833333333333333
0 0.6283333333333333 0.005833333333333334 0.0275 0.0075
0 0.6125 0.015833333333333335 0.0225 0.0275
0 0.5933333333333334 0.03333333333333333 0.024166666666666666 0.025833333333333333
0 0.5766666666666667 0.0525 0.024166666666666666 0.0275
0 0.6233333333333333 0.09583333333333334 0.025833333333333333 0.025833333333333333
0 0.5633333333333334 0.009166666666666667 0.0275 0.015
0 0.5525 0.023333333333333334 0.024166666666666666 0.024166666666666666