0 0.7991666666666667 0.545 0.06666666666666667 0.04416666666666667
0 0.8608333333333333 0.67 0.049166666666666664 0.04416666666666667
0 0.8316666666666667 0.845 0.04416666666666667 0.056666666666666664
0 0.7683333333333333 0.8391666666666666 0.02666666666666667 0.04083333333333333
0 0.7133333333333334 0.7175 0.049166666666666664 0.04083333333333333
0 0.6966666666666667 0.6458333333333334 0.03666666666666667 0.035
0 0.5525 0.7591666666666667 0.04583333333333333 0.04583333333333333
0 0.2675 0.4741666666666667 0.0425 0.04083333333333333
0 0.19166666666666668 0.5733333333333334 0.03833333333333333 0.03333333333333333
0 0.04083333333333333 0.6341666666666667 0.03833333333333333 0.03833333333333333
0 0.04583333333333333 0.5591666666666667 0.03166666666666667 0.03666666666666667