0 0.7008333333333333 0.37416666666666665 0.06916666666666667 0.07416666666666667
0 0.9266666666666666 0.43916666666666665 0.06916666666666667 0.06583333333333333
0 0.6983333333333334 0.23583333333333334 0.06 0.06166666666666667
0 0.31833333333333336 0.13583333333333333 0.06166666666666667 0.06
0 0.61 0.19333333333333333 0.06166666666666667 0.07083333333333333
0 0.44 0.3433333333333333 0.05 0.058333333333333334
0 0.2816666666666667 0.5308333333333334 0.05 0.06166666666666667
0 0.11583333333333333 0.49416666666666664 0.05 0.058333333333333334
0 0.5383333333333333 0.565 0.043333333333333335 0.051666666666666666
0 0.7808333333333334 0.6025 0.0725 0.0675
0 0.5766666666666667 0.7566666666666667 0.03166666666666667 0.03
0 0.78 0.21916666666666668 0.056666666666666664 0.06166666666666667
0 0.6316666666666667 0.6825 0.04833333333333333 0.07083333333333333