0 0.20583333333333334 0.225 0.03166666666666667 0.04083333333333333
0 0.10583333333333333 0.2325 0.035 0.04833333333333333
0 0.6083333333333333 0.27416666666666667 0.03166666666666667 0.035
0 0.3441666666666667 0.3025 0.08666666666666667 0.085
0 0.5741666666666667 0.30666666666666664 0.04416666666666667 0.04416666666666667
0 0.7033333333333334 0.355 0.03333333333333333 0.0275
0 0.3591666666666667 0.37916666666666665 0.0575 0.05
0 0.7166666666666667 0.40166666666666667 0.05333333333333334 0.05
0 0.5775 0.405 0.051666666666666666 0.05333333333333334
0 0.44166666666666665 0.43666666666666665 0.04583333333333333 0.05
0 0.735 0.455 0.05 0.05
0 0.5933333333333334 0.4583333333333333 0.05 0.05333333333333334
0 0.3825 0.4875 0.05333333333333334 0.051666666666666666
0 0.6058333333333333 0.5191666666666667 0.0575 0.05
0 0.7841666666666667 0.5275 0.08083333333333333 0.0775
0 0.6241666666666666 0.5833333333333334 0.05 0.051666666666666666
0 0.42333333333333334 0.6541666666666667 0.06416666666666666 0.05333333333333334
0 0.6408333333333334 0.6641666666666667 0.05 0.051666666666666666
0 0.6616666666666666 0.7233333333333334 0.04583333333333333 0.04416666666666667
0 0.4558333333333333 0.7708333333333334 0.03333333333333333 0.03333333333333333
0 0.8158333333333333 0.79 0.08083333333333333 0.08083333333333333
0 0.46166666666666667 0.8258333333333333 0.051666666666666666 0.04583333333333333
0 0.6916666666666667 0.8591666666666666 0.04833333333333333 0.04583333333333333
0 0.47333333333333333 0.8783333333333333 0.05 0.04833333333333333
0 0.8141666666666667 0.8916666666666667 0.03833333333333333 0.035
0 0.4816666666666667 0.9275 0.055 0.04583333333333333
0 0.83 0.9358333333333333 0.03666666666666667 0.03666666666666667
0 0.4033333333333333 0.9533333333333334 0.035 0.03166666666666667
0 0.45166666666666666 0.9591666666666666 0.04083333333333333 0.04833333333333333
0 0.8116666666666666 0.9691666666666666 0.04083333333333333 0.03166666666666667
0 0.7683333333333333 0.9808333333333333 0.03166666666666667 0.035