0 0.5083333333333333 0.23166666666666666 0.04833333333333333 0.05
0 0.3575 0.2575 0.04833333333333333 0.056666666666666664
0 0.22333333333333333 0.265 0.0325 0.0375
0 0.15416666666666667 0.25833333333333336 0.051666666666666666 0.051666666666666666
0 0.8833333333333333 0.2525 0.0275 0.0325
0 0.8516666666666667 0.2525 0.015 0.019166666666666665
0 0.8216666666666667 0.25416666666666665 0.024166666666666666 0.0225
0 0.8358333333333333 0.37916666666666665 0.0375 0.05
0 0.7975 0.37916666666666665 0.03916666666666667 0.05333333333333334
0 0.7533333333333333 0.38 0.034166666666666665 0.04833333333333333
0 0.7116666666666667 0.38166666666666665 0.0325 0.04833333333333333
0 0.665 0.375 0.0425 0.051666666666666666
0 0.9425 0.41083333333333333 0.0425 0.0375
0 0.9408333333333333 0.45166666666666666 0.0425 0.034166666666666665
0 0.795 0.465 0.025833333333333333 0.0325
0 0.7466666666666667 0.4666666666666667 0.0275 0.0325
0 0.7116666666666667 0.4666666666666667 0.025833333333333333 0.029166666666666667
0 0.8641666666666666 0.1725 0.0325 0.035833333333333335
0 0.9666666666666667 0.21916666666666668 0.029166666666666667 0.0275
0 0.7333333333333333 0.21416666666666667 0.025833333333333333 0.0275
0 0.995 0.5708333333333333 0.006666666666666667 0.028333333333333332
0 0.9816666666666667 0.195 0.025833333333333333 0.020833333333333332