0 0.14833333333333334 0.44416666666666665 0.11 0.12916666666666668
0 0.11333333333333333 0.575 0.1225 0.13583333333333333
0 0.38083333333333336 0.5575 0.07916666666666666 0.07083333333333333
0 0.115 0.8366666666666667 0.07416666666666667 0.0675
0 0.19583333333333333 0.8333333333333334 0.08416666666666667 0.0775
0 0.255 0.8891666666666667 0.07583333333333334 0.06416666666666666
0 0.7258333333333333 0.73 0.055 0.08083333333333333
0 0.7758333333333334 0.5825 0.058333333333333334 0.08583333333333333
0 0.7941666666666667 0.4816666666666667 0.05 0.07083333333333333
0 0.8208333333333333 0.4066666666666667 0.06166666666666667 0.09
0 0.8416666666666667 0.32666666666666666 0.06166666666666667 0.0775
0 0.8691666666666666 0.22583333333333333 0.06916666666666667 0.09
0 0.7208333333333333 0.9075 0.06166666666666667 0.0775
0 0.9091666666666667 0.765 0.07416666666666667 0.08833333333333333