0 0.91 0.355 0.041666666666666664 0.0375
0 0.8425 0.49833333333333335 0.034166666666666665 0.034166666666666665
0 0.7441666666666666 0.5308333333333334 0.02666666666666667 0.028333333333333332
0 0.7083333333333334 0.5308333333333334 0.03 0.03916666666666667
0 0.6716666666666666 0.5208333333333334 0.03166666666666667 0.0375
0 0.6408333333333334 0.5066666666666667 0.03 0.035833333333333335
0 0.6008333333333333 0.5366666666666666 0.03166666666666667 0.028333333333333332
0 0.5783333333333334 0.44 0.035833333333333335 0.02666666666666667
0 0.5666666666666667 0.38666666666666666 0.028333333333333332 0.020833333333333332
0 0.4766666666666667 0.5616666666666666 0.03166666666666667 0.03
0 0.26916666666666667 0.6491666666666667 0.0375 0.03166666666666667