0 0.7241666666666666 0.2991666666666667 0.041666666666666664 0.035833333333333335
0 0.8383333333333334 0.2808333333333333 0.03833333333333333 0.051666666666666666
0 0.7583333333333333 0.25833333333333336 0.04583333333333333 0.05333333333333334
0 0.7 0.24166666666666667 0.04583333333333333 0.056666666666666664
0 0.8 0.5366666666666666 0.060833333333333336 0.0475
0 0.6366666666666667 0.5583333333333333 0.030833333333333334 0.0325
0 0.7691666666666667 0.6816666666666666 0.0325 0.028333333333333332
0 0.7241666666666666 0.6633333333333333 0.034166666666666665 0.034166666666666665
0 0.6275 0.6341666666666667 0.034166666666666665 0.028333333333333332
0 0.5741666666666667 0.6616666666666666 0.02666666666666667 0.0225
0 0.7516666666666667 0.8066666666666666 0.051666666666666666 0.043333333333333335
0 0.7158333333333333 0.8291666666666667 0.035833333333333335 0.0225
0 0.6833333333333333 0.8583333333333333 0.0325 0.028333333333333332
0 0.6491666666666667 0.8416666666666667 0.0325 0.035833333333333335
0 0.5058333333333334 0.7891666666666667 0.030833333333333334 0.02666666666666667
0 0.5008333333333334 0.7591666666666667 0.0325 0.020833333333333332
0 0.4583333333333333 0.85 0.03833333333333333 0.030833333333333334
0 0.6066666666666667 0.9341666666666667 0.05333333333333334 0.04
0 0.5408333333333334 0.8625 0.0325 0.0325
0 0.31416666666666665 0.99 0.035 0.016666666666666666
0 0.37083333333333335 0.8125 0.034166666666666665 0.0325
0 0.2991666666666667 0.7966666666666666 0.035833333333333335 0.02666666666666667
0 0.265 0.8525 0.0325 0.025
0 0.1425 0.8541666666666666 0.030833333333333334 0.028333333333333332
0 0.1625 0.8325 0.028333333333333332 0.030833333333333334
0 0.19 0.8133333333333334 0.030833333333333334 0.030833333333333334
0 0.21333333333333335 0.7908333333333334 0.034166666666666665 0.0225
0 0.235 0.7708333333333334 0.028333333333333332 0.028333333333333332
0 0.25916666666666666 0.7558333333333334 0.028333333333333332 0.025
0 0.1325 0.7216666666666667 0.0475 0.051666666666666666
0 0.085 0.7383333333333333 0.035833333333333335 0.04
0 0.065 0.7625 0.034166666666666665 0.02666666666666667
0 0.05333333333333334 0.8291666666666667 0.034166666666666665 0.02666666666666667
0 0.0425 0.8633333333333333 0.043333333333333335 0.0225
0 0.020833333333333332 0.9316666666666666 0.03833333333333333 0.030833333333333334
0 0.015833333333333335 0.9916666666666667 0.028333333333333332 0.013333333333333334
0 0.11 0.9475 0.034166666666666665 0.025
0 0.09583333333333334 0.9825 0.04 0.0225
0 0.16416666666666666 0.6208333333333333 0.035833333333333335 0.025
0 0.1775 0.5383333333333333 0.055 0.03833333333333333
0 0.005833333333333334 0.4166666666666667 0.0075 0.03833333333333333
0 0.2075 0.45666666666666667 0.041666666666666664 0.02666666666666667
0 0.2175 0.4141666666666667 0.035833333333333335 0.02666666666666667
0 0.22583333333333333 0.3675 0.060833333333333336 0.043333333333333335
0 0.17166666666666666 0.2608333333333333 0.0325 0.030833333333333334
0 0.31833333333333336 0.2775 0.028333333333333332 0.03833333333333333
0 0.30416666666666664 0.24916666666666668 0.030833333333333334 0.02666666666666667
0 0.2991666666666667 0.175 0.04 0.030833333333333334
0 0.31 0.08833333333333333 0.03833333333333333 0.0325
0 0.2841666666666667 0.06166666666666667 0.035833333333333335 0.04
0 0.25 0.0475 0.028333333333333332 0.03833333333333333
0 0.22333333333333333 0.06916666666666667 0.035833333333333335 0.028333333333333332
0 0.20166666666666666 0.1325 0.03833333333333333 0.0325
0 0.17666666666666667 0.2275 0.03833333333333333 0.028333333333333332
0 0.21916666666666668 0.2841666666666667 0.035833333333333335 0.028333333333333332
0 0.365 0.9008333333333334 0.03833333333333333 0.03833333333333333