0 0.22 0.305 0.04 0.035
0 0.11 0.2866666666666667 0.03666666666666667 0.049166666666666664
0 0.18666666666666668 0.2658333333333333 0.04416666666666667 0.051666666666666666
0 0.24333333333333335 0.24916666666666668 0.04416666666666667 0.055
0 0.14666666666666667 0.5341666666666667 0.058333333333333334 0.04583333333333333
0 0.30416666666666664 0.5541666666666667 0.029166666666666667 0.030833333333333334
0 0.17666666666666667 0.6733333333333333 0.030833333333333334 0.0275
0 0.22 0.6558333333333334 0.03333333333333333 0.03333333333333333
0 0.31333333333333335 0.6275 0.03333333333333333 0.0275
0 0.3641666666666667 0.6541666666666667 0.025833333333333333 0.021666666666666667
0 0.19333333333333333 0.7941666666666667 0.049166666666666664 0.0425
0 0.22833333333333333 0.815 0.035 0.021666666666666667
0 0.25916666666666666 0.8433333333333334 0.030833333333333334 0.0275
0 0.2925 0.8266666666666667 0.030833333333333334 0.035
0 0.43 0.7766666666666666 0.029166666666666667 0.025833333333333333
0 0.435 0.7483333333333333 0.030833333333333334 0.02
0 0.47583333333333333 0.835 0.03666666666666667 0.029166666666666667
0 0.3333333333333333 0.9166666666666666 0.051666666666666666 0.03833333333333333
0 0.39666666666666667 0.8466666666666667 0.030833333333333334 0.030833333333333334
0 0.5966666666666667 0.9941666666666666 0.04 0.008333333333333333
0 0.6141666666666666 0.98 0.0275 0.029166666666666667
0 0.5608333333333333 0.7991666666666667 0.03333333333333333 0.030833333333333334
0 0.6291666666666667 0.7841666666666667 0.035 0.025833333333333333
0 0.6625 0.8375 0.030833333333333334 0.024166666666666666
0 0.78 0.84 0.029166666666666667 0.0275
0 0.7608333333333334 0.8183333333333334 0.0275 0.029166666666666667
0 0.7341666666666666 0.8 0.029166666666666667 0.029166666666666667
0 0.7125 0.7783333333333333 0.03333333333333333 0.021666666666666667
0 0.6916666666666667 0.7591666666666667 0.0275 0.0275
0 0.6675 0.7441666666666666 0.0275 0.024166666666666666
0 0.79 0.7116666666666667 0.04583333333333333 0.049166666666666664
0 0.8358333333333333 0.7283333333333334 0.035 0.03833333333333333
0 0.855 0.7508333333333334 0.03333333333333333 0.025833333333333333
0 0.9483333333333334 0.7441666666666666 0.03666666666666667 0.03833333333333333
0 0.9916666666666667 0.96 0.0125 0.04
0 0.8666666666666667 0.815 0.03333333333333333 0.025833333333333333
0 0.8766666666666667 0.8483333333333334 0.0425 0.021666666666666667
0 0.8975 0.9141666666666667 0.03666666666666667 0.029166666666666667
0 0.91 0.9808333333333333 0.04 0.0275
0 0.8116666666666666 0.9291666666666667 0.03333333333333333 0.024166666666666666
0 0.825 0.9633333333333334 0.03833333333333333 0.021666666666666667
0 0.8341666666666666 0.9891666666666666 0.045 0.018333333333333333
0 0.7591666666666667 0.6141666666666666 0.035 0.024166666666666666
0 0.7466666666666667 0.535 0.05333333333333334 0.03666666666666667
0 0.9241666666666667 0.41833333333333333 0.030833333333333334 0.035
0 0.7183333333333334 0.4558333333333333 0.04 0.025833333333333333
0 0.7075 0.41583333333333333 0.035 0.025833333333333333
0 0.7 0.37083333333333335 0.058333333333333334 0.0425
0 0.7516666666666667 0.2675 0.030833333333333334 0.029166666666666667
0 0.6108333333333333 0.2841666666666667 0.0275 0.03666666666666667
0 0.6241666666666666 0.25666666666666665 0.029166666666666667 0.025833333333333333
0 0.6291666666666667 0.185 0.03833333333333333 0.029166666666666667
0 0.6191666666666666 0.10166666666666667 0.03666666666666667 0.030833333333333334
0 0.6441666666666667 0.07583333333333334 0.035 0.03833333333333333
0 0.6766666666666666 0.0625 0.0275 0.03666666666666667
0 0.7025 0.08333333333333333 0.035 0.0275
0 0.7233333333333334 0.14416666666666667 0.03666666666666667 0.030833333333333334
0 0.7475 0.235 0.03666666666666667 0.0275
0 0.7058333333333333 0.29 0.035 0.0275
0 0.5658333333333333 0.885 0.03666666666666667 0.03666666666666667