0 0.13916666666666666 0.20583333333333334 0.051666666666666666 0.04833333333333333
0 0.22583333333333333 0.18166666666666667 0.051666666666666666 0.04833333333333333
0 0.5633333333333334 0.5558333333333333 0.04416666666666667 0.04416666666666667
0 0.785 0.37 0.03666666666666667 0.04083333333333333
0 0.6883333333333334 0.37166666666666665 0.03166666666666667 0.03916666666666667
0 0.705 0.6825 0.03166666666666667 0.03166666666666667
0 0.6641666666666667 0.7558333333333334 0.035 0.03333333333333333
0 0.8525 0.265 0.0275 0.025833333333333333
0 0.7741666666666667 0.8741666666666666 0.0225 0.0225
0 0.73 0.7775 0.03 0.0225
0 0.7933333333333333 0.9333333333333333 0.016666666666666666 0.015
0 0.7991666666666667 0.8883333333333333 0.016666666666666666 0.013333333333333334
0 0.8333333333333334 0.9258333333333333 0.015 0.015
0 0.8108333333333333 0.9 0.015 0.015
0 0.8241666666666667 0.9116666666666666 0.010833333333333334 0.009166666666666667
0 0.6341666666666667 0.4575 0.02 0.018333333333333333
0 0.7016666666666667 0.42333333333333334 0.0225 0.024166666666666666
0 0.8383333333333334 0.23083333333333333 0.03166666666666667 0.03166666666666667
0 0.8 0.8266666666666667 0.018333333333333333 0.02
0 0.8316666666666667 0.79 0.0225 0.0275
0 0.8158333333333333 0.20166666666666666 0.0275 0.0225
0 0.7758333333333334 0.2966666666666667 0.018333333333333333 0.018333333333333333