0 0.6316666666666667 0.8733333333333333 0.0325 0.02666666666666667
0 0.6325 0.8366666666666667 0.04833333333333333 0.0325
0 0.6266666666666667 0.795 0.041666666666666664 0.0325
0 0.9916666666666667 0.7766666666666666 0.015833333333333335 0.035833333333333335
0 0.5983333333333334 0.21666666666666667 0.04833333333333333 0.0375
0 0.5866666666666667 0.4875 0.03916666666666667 0.0325
0 0.5991666666666666 0.5616666666666666 0.04666666666666667 0.041666666666666664
0 0.2991666666666667 0.9 0.04833333333333333 0.0375
0 0.29083333333333333 0.8183333333333334 0.0375 0.029166666666666667
0 0.28583333333333333 0.7866666666666666 0.04666666666666667 0.034166666666666665
0 0.2791666666666667 0.7225 0.05 0.0375
0 0.27166666666666667 0.6508333333333334 0.04666666666666667 0.035833333333333335
0 0.2633333333333333 0.61 0.045 0.043333333333333335
0 0.26166666666666666 0.5683333333333334 0.034166666666666665 0.029166666666666667
0 0.27166666666666667 0.3491666666666667 0.035833333333333335 0.035833333333333335
0 0.3491666666666667 0.19833333333333333 0.04666666666666667 0.0375