0 0.07416666666666667 0.24833333333333332 0.0325 0.0325
0 0.02666666666666667 0.42916666666666664 0.030833333333333334 0.0325
0 0.04666666666666667 0.47333333333333333 0.02666666666666667 0.035
0 0.0925 0.4533333333333333 0.035 0.030833333333333334
0 0.13833333333333334 0.41083333333333333 0.0325 0.023333333333333334
0 0.13833333333333334 0.37333333333333335 0.03666666666666667 0.025
0 0.105 0.30916666666666665 0.0325 0.030833333333333334
0 0.245 0.38333333333333336 0.04666666666666667 0.04083333333333333
0 0.415 0.2875 0.03833333333333333 0.035
0 0.13833333333333334 0.6216666666666667 0.04833333333333333 0.030833333333333334
0 0.9441666666666667 0.5716666666666667 0.0425 0.030833333333333334
0 0.5666666666666667 0.2991666666666667 0.0325 0.030833333333333334
0 0.535 0.33166666666666667 0.03833333333333333 0.030833333333333334
0 0.7625 0.3275 0.03833333333333333 0.025
0 0.7883333333333333 0.3541666666666667 0.029166666666666667 0.029166666666666667
0 0.87 0.42916666666666664 0.04083333333333333 0.04083333333333333
0 0.845 0.015 0.04666666666666667 0.03
0 0.9933333333333333 0.06333333333333334 0.01 0.0425
0 0.8066666666666666 0.1275 0.035 0.030833333333333334
0 0.9066666666666666 0.10583333333333333 0.029166666666666667 0.035
0 0.955 0.15916666666666668 0.04083333333333333 0.029166666666666667
0 0.9266666666666666 0.21583333333333332 0.03833333333333333 0.035
0 0.9558333333333333 0.3433333333333333 0.04666666666666667 0.030833333333333334
0 0.7316666666666667 0.47 0.030833333333333334 0.04416666666666667
0 0.9191666666666667 0.32166666666666666 0.023333333333333334 0.020833333333333332
0 0.6483333333333333 0.38916666666666666 0.023333333333333334 0.029166666666666667