0 0.6966666666666667 0.495 0.0275 0.0375
0 0.6625 0.4866666666666667 0.024166666666666666 0.034166666666666665
0 0.6283333333333333 0.47583333333333333 0.0275 0.0375
0 0.5966666666666667 0.4633333333333333 0.029166666666666667 0.03916666666666667
0 0.36916666666666664 0.5575 0.029166666666666667 0.035833333333333335
0 0.5475 0.45166666666666666 0.025833333333333333 0.0275
0 0.5075 0.395 0.029166666666666667 0.025833333333333333
0 0.45666666666666667 0.3408333333333333 0.025833333333333333 0.034166666666666665
0 0.4191666666666667 0.3225 0.024166666666666666 0.0325
0 0.38333333333333336 0.31333333333333335 0.024166666666666666 0.034166666666666665
0 0.305 0.5941666666666666 0.0275 0.034166666666666665
0 0.2816666666666667 0.6141666666666666 0.029166666666666667 0.0325
0 0.4525 0.3016666666666667 0.029166666666666667 0.0275
0 0.39416666666666667 0.2833333333333333 0.030833333333333334 0.029166666666666667
0 0.3358333333333333 0.37 0.0175 0.024166666666666666
0 0.4275 0.2941666666666667 0.025833333333333333 0.024166666666666666
0 0.09916666666666667 0.5525 0.0275 0.025833333333333333