0 0.9875 0.21916666666666668 0.021666666666666667 0.045
0 0.9533333333333334 0.18583333333333332 0.09 0.13833333333333334
0 0.8183333333333334 0.41333333333333333 0.043333333333333335 0.043333333333333335
0 0.8308333333333333 0.4508333333333333 0.043333333333333335 0.041666666666666664
0 0.7525 0.45 0.030833333333333334 0.029166666666666667
0 0.6025 0.5066666666666667 0.029166666666666667 0.030833333333333334
0 0.6558333333333334 0.49833333333333335 0.023333333333333334 0.025
0 0.6433333333333333 0.45416666666666666 0.02666666666666667 0.023333333333333334
0 0.6366666666666667 0.4266666666666667 0.018333333333333333 0.021666666666666667
0 0.63 0.4041666666666667 0.02 0.02666666666666667
0 0.6208333333333333 0.38166666666666665 0.018333333333333333 0.025
0 0.6133333333333333 0.355 0.025 0.02666666666666667
0 0.5575 0.3233333333333333 0.025 0.025
0 0.5208333333333334 0.17333333333333334 0.030833333333333334 0.034166666666666665
0 0.295 0.1675 0.0325 0.03916666666666667
0 0.2475 0.15416666666666667 0.02666666666666667 0.030833333333333334
0 0.16833333333333333 0.15916666666666668 0.02666666666666667 0.02666666666666667
0 0.28583333333333333 0.31166666666666665 0.025 0.02
0 0.31416666666666665 0.31416666666666665 0.030833333333333334 0.02666666666666667
0 0.34 0.32666666666666666 0.029166666666666667 0.023333333333333334
0 0.36666666666666664 0.32916666666666666 0.029166666666666667 0.029166666666666667
0 0.3925 0.32916666666666666 0.025 0.025
0 0.4166666666666667 0.3325 0.02666666666666667 0.021666666666666667
0 0.43 0.2841666666666667 0.029166666666666667 0.0325
0 0.725 0.6783333333333333 0.021666666666666667 0.018333333333333333
0 0.74 0.7 0.023333333333333334 0.021666666666666667
0 0.7108333333333333 0.735 0.025 0.023333333333333334
0 0.6966666666666667 0.7133333333333334 0.02 0.02
0 0.6833333333333333 0.6975 0.021666666666666667 0.021666666666666667
0 0.6708333333333333 0.6783333333333333 0.018333333333333333 0.021666666666666667
0 0.8025 0.7116666666666667 0.0325 0.02666666666666667
0 0.7091666666666666 0.81 0.023333333333333334 0.02
0 0.69 0.735 0.02 0.023333333333333334
0 0.675 0.7175 0.023333333333333334 0.025
0 0.37416666666666665 0.7491666666666666 0.029166666666666667 0.02666666666666667
0 0.355 0.7716666666666666 0.023333333333333334 0.029166666666666667
0 0.29333333333333333 0.7066666666666667 0.0325 0.0325
0 0.26916666666666667 0.6841666666666667 0.030833333333333334 0.02666666666666667
0 0.26916666666666667 0.66 0.030833333333333334 0.025
0 0.245 0.6591666666666667 0.029166666666666667 0.02666666666666667
0 0.22416666666666665 0.6358333333333334 0.030833333333333334 0.02666666666666667
0 0.20083333333333334 0.61 0.030833333333333334 0.029166666666666667
0 0.20166666666666666 0.22083333333333333 0.021666666666666667 0.0325
0 0.2975 0.125 0.041666666666666664 0.0375
0 0.24666666666666667 0.12416666666666666 0.0325 0.025
0 0.1475 0.1325 0.0325 0.030833333333333334
0 0.7275 0.9508333333333333 0.02666666666666667 0.030833333333333334
0 0.69 0.9825 0.023333333333333334 0.02666666666666667
0 0.6675 0.9666666666666667 0.025 0.02666666666666667
0 0.6508333333333334 0.9466666666666667 0.021666666666666667 0.02666666666666667
0 0.6325 0.93 0.023333333333333334 0.025
0 0.6158333333333333 0.9108333333333334 0.023333333333333334 0.02666666666666667
0 0.6616666666666666 0.8683333333333333 0.025 0.025
0 0.6391666666666667 0.99 0.02 0.015833333333333335
0 0.6225 0.9966666666666667 0.025 0.0033333333333333335
0 0.6216666666666667 0.9666666666666667 0.023333333333333334 0.015833333333333335
0 0.6291666666666667 0.9816666666666667 0.018333333333333333 0.021666666666666667
0 0.6041666666666666 0.955 0.025 0.018333333333333333
0 0.5925 0.9741666666666666 0.023333333333333334 0.023333333333333334
0 0.6075 0.985 0.025 0.023333333333333334
0 0.5925 0.94 0.023333333333333334 0.023333333333333334