0 0.3675 0.4166666666666667 0.075 0.06666666666666667
0 0.7158333333333333 0.48333333333333334 0.04833333333333333 0.045
0 0.7216666666666667 0.43166666666666664 0.04833333333333333 0.043333333333333335
0 0.615 0.7141666666666666 0.043333333333333335 0.05583333333333333
0 0.5483333333333333 0.715 0.043333333333333335 0.05
0 0.4166666666666667 0.725 0.0375 0.04833333333333333
0 0.35583333333333333 0.7191666666666666 0.04083333333333333 0.04833333333333333
0 0.3075 0.7175 0.034166666666666665 0.04083333333333333
0 0.025833333333333333 0.5875 0.04833333333333333 0.04666666666666667
0 0.5558333333333333 0.5308333333333334 0.0575 0.03916666666666667
0 0.5575 0.46166666666666667 0.060833333333333336 0.034166666666666665