0 0.8191666666666667 0.26166666666666666 0.03 0.03
0 0.695 0.36833333333333335 0.025 0.023333333333333334
0 0.46 0.36583333333333334 0.028333333333333332 0.028333333333333332
0 0.6741666666666667 0.26166666666666666 0.034166666666666665 0.0375
0 0.6725 0.22666666666666666 0.03 0.034166666666666665
0 0.7375 0.21 0.028333333333333332 0.025
0 0.8833333333333333 0.4508333333333333 0.02666666666666667 0.023333333333333334
0 0.775 0.6275 0.023333333333333334 0.028333333333333332
0 0.8866666666666667 0.3675 0.03 0.025
0 0.7741666666666667 0.3675 0.018333333333333333 0.015
0 0.9525 0.2325 0.02666666666666667 0.025
0 0.2325 0.27166666666666667 0.021666666666666667 0.02666666666666667
0 0.7625 0.7566666666666667 0.021666666666666667 0.034166666666666665
0 0.9591666666666666 0.7566666666666667 0.02666666666666667 0.034166666666666665
0 0.8616666666666667 0.8483333333333334 0.02666666666666667 0.0375
0 0.0175 0.315 0.021666666666666667 0.021666666666666667
0 0.155 0.27166666666666667 0.016666666666666666 0.02666666666666667
0 0.0675 0.25 0.02 0.023333333333333334
0 0.3858333333333333 0.02666666666666667 0.018333333333333333 0.023333333333333334
0 0.6758333333333333 0.0375 0.02666666666666667 0.03
0 0.9308333333333333 0.12583333333333332 0.03 0.028333333333333332
0 0.14416666666666667 0.18916666666666668 0.021666666666666667 0.023333333333333334
0 0.21 0.2 0.028333333333333332 0.025
0 0.1825 0.27 0.02 0.02666666666666667
0 0.21083333333333334 0.23 0.02666666666666667 0.023333333333333334
0 0.20416666666666666 0.255 0.02 0.023333333333333334
0 0.009166666666666667 0.25083333333333335 0.015 0.0325
0 0.03916666666666667 0.2683333333333333 0.023333333333333334 0.023333333333333334
0 0.20583333333333334 0.03166666666666667 0.023333333333333334 0.021666666666666667
0 0.205 0.008333333333333333 0.025 0.016666666666666666
0 0.28583333333333333 0.009166666666666667 0.034166666666666665 0.018333333333333333
0 0.3491666666666667 0.006666666666666667 0.035833333333333335 0.013333333333333334
0 0.7425 0.008333333333333333 0.0325 0.016666666666666666
0 0.14333333333333334 0.2175 0.02666666666666667 0.023333333333333334
0 0.009166666666666667 0.2175 0.015 0.023333333333333334
0 0.7566666666666667 0.7966666666666666 0.02666666666666667 0.0325