0 0.6241666666666666 0.13083333333333333 0.05 0.05333333333333334
0 0.6216666666666667 0.17583333333333334 0.06166666666666667 0.056666666666666664
0 0.9591666666666666 0.43916666666666665 0.055 0.0425
0 0.8575 0.5025 0.04833333333333333 0.0425
0 0.93 0.51 0.06166666666666667 0.04833333333333333
0 0.8866666666666667 0.7941666666666667 0.04833333333333333 0.04416666666666667
0 0.725 0.7683333333333333 0.05 0.05333333333333334
0 0.7425 0.8608333333333333 0.05333333333333334 0.06
0 0.24833333333333332 0.745 0.04083333333333333 0.04833333333333333
0 0.295 0.7433333333333333 0.04583333333333333 0.04416666666666667
0 0.15583333333333332 0.9125 0.055 0.04083333333333333
0 0.03166666666666667 0.15 0.06333333333333334 0.07333333333333333
0 0.4508333333333333 0.8308333333333333 0.05333333333333334 0.04416666666666667