0 0.8916666666666667 0.5975 0.12083333333333333 0.14166666666666666
0 0.9308333333333333 0.4533333333333333 0.13416666666666666 0.15
0 0.6366666666666667 0.4725 0.0875 0.0775
0 0.9291666666666667 0.16583333333333333 0.08166666666666667 0.07416666666666667
0 0.84 0.16916666666666666 0.0925 0.085
0 0.775 0.10916666666666666 0.08333333333333333 0.07
0 0.2575 0.2833333333333333 0.060833333333333336 0.08916666666666667
0 0.2025 0.445 0.06416666666666666 0.095
0 0.1825 0.5558333333333333 0.055 0.0775
0 0.15333333333333332 0.6383333333333333 0.06833333333333333 0.09833333333333333
0 0.13083333333333333 0.7266666666666667 0.06833333333333333 0.085
0 0.1 0.8375 0.07583333333333334 0.09833333333333333
0 0.2633333333333333 0.08833333333333333 0.06833333333333333 0.085
0 0.05583333333333333 0.245 0.08166666666666667 0.09666666666666666