0 0.72 0.17666666666666667 0.0625 0.0675
0 0.6491666666666667 0.25583333333333336 0.03833333333333333 0.049166666666666664
0 0.6083333333333333 0.265 0.029166666666666667 0.0425
0 0.71 0.3983333333333333 0.035 0.04583333333333333
0 0.65 0.41333333333333333 0.04 0.04583333333333333
0 0.985 0.425 0.029166666666666667 0.0475
0 0.5916666666666667 0.4266666666666667 0.04 0.0475
0 0.7991666666666667 0.5283333333333333 0.06416666666666666 0.0675
0 0.6833333333333333 0.5683333333333334 0.04 0.0425
0 0.64 0.5766666666666667 0.03833333333333333 0.04
0 0.5516666666666666 0.009166666666666667 0.051666666666666666 0.018333333333333333
0 0.6191666666666666 0.8091666666666667 0.04 0.04416666666666667
0 0.845 0.8108333333333333 0.0425 0.05333333333333334
0 0.7108333333333333 0.023333333333333334 0.041666666666666664 0.04666666666666667
0 0.8866666666666667 0.8875 0.055 0.0425
0 0.67 0.02666666666666667 0.03666666666666667 0.04583333333333333
0 0.7908333333333334 0.985 0.04 0.025833333333333333
0 0.6275 0.035833333333333335 0.03833333333333333 0.04583333333333333
0 0.5016666666666667 0.0675 0.04 0.055