0 0.2816666666666667 0.011666666666666667 0.025833333333333333 0.02
0 0.4141666666666667 0.024166666666666666 0.02 0.0225
0 0.46 0.023333333333333334 0.02 0.024166666666666666
0 0.7483333333333333 0.04416666666666667 0.03333333333333333 0.03666666666666667
0 0.8 0.0475 0.03666666666666667 0.04666666666666667
0 0.8558333333333333 0.0475 0.03333333333333333 0.03916666666666667
0 0.9241666666666667 0.06333333333333334 0.0225 0.025833333333333333
0 0.9583333333333334 0.06583333333333333 0.024166666666666666 0.0275
0 0.9941666666666666 0.7333333333333333 0.0075 0.03333333333333333
0 0.9858333333333333 0.7916666666666666 0.024166666666666666 0.03166666666666667
0 0.9575 0.7925 0.0225 0.025833333333333333
0 0.9475 0.8391666666666666 0.024166666666666666 0.0225
0 0.7966666666666666 0.7166666666666667 0.04083333333333333 0.04833333333333333
0 0.7408333333333333 0.715 0.03666666666666667 0.04083333333333333
0 0.685 0.7133333333333334 0.03 0.03
0 0.8 0.8325 0.04416666666666667 0.05333333333333334
0 0.7058333333333333 0.8233333333333334 0.04083333333333333 0.0425
0 0.6558333333333334 0.82 0.03666666666666667 0.04416666666666667
0 0.4008333333333333 0.7641666666666667 0.016666666666666666 0.016666666666666666
0 0.43583333333333335 0.7608333333333334 0.02 0.0225
0 0.43166666666666664 0.8225 0.0225 0.025833333333333333
0 0.5116666666666667 0.8391666666666666 0.013333333333333334 0.015
0 0.39416666666666667 0.8783333333333333 0.0225 0.0275
0 0.33166666666666667 0.8775 0.0225 0.0225
0 0.23666666666666666 0.7233333333333334 0.04083333333333333 0.0425
0 0.19416666666666665 0.7233333333333334 0.03666666666666667 0.03916666666666667
0 0.13666666666666666 0.7966666666666666 0.03333333333333333 0.03666666666666667
0 0.0775 0.8191666666666667 0.04083333333333333 0.0425
0 0.03166666666666667 0.8133333333333334 0.04083333333333333 0.04083333333333333
0 0.004166666666666667 0.8158333333333333 0.008333333333333333 0.035
0 0.16583333333333333 0.41333333333333333 0.05 0.04416666666666667