0 0.9383333333333334 0.445 0.025 0.025
0 0.7508333333333334 0.49833333333333335 0.028333333333333332 0.03166666666666667
0 0.69 0.5025 0.02666666666666667 0.02666666666666667
0 0.5933333333333334 0.5033333333333333 0.0175 0.0175
0 0.5675 0.5033333333333333 0.0175 0.0175
0 0.4875 0.44416666666666665 0.035 0.0375
0 0.44666666666666666 0.4558333333333333 0.0175 0.0175
0 0.45916666666666667 0.5191666666666667 0.028333333333333332 0.035
0 0.2816666666666667 0.5166666666666667 0.04083333333333333 0.04083333333333333
0 0.23666666666666666 0.5175 0.03916666666666667 0.0425
0 0.19583333333333333 0.5191666666666667 0.035 0.0425
0 0.1525 0.5208333333333334 0.04083333333333333 0.0425
0 0.10833333333333334 0.5241666666666667 0.04083333333333333 0.0375