0 0.02666666666666667 0.6216666666666667 0.0525 0.0725
0 0.16666666666666666 0.3275 0.04083333333333333 0.0525
0 0.15833333333333333 0.84 0.03916666666666667 0.035
0 0.2625 0.8175 0.04083333333333333 0.04083333333333333
0 0.30583333333333335 0.7975 0.045 0.045
0 0.4425 0.785 0.049166666666666664 0.04666666666666667
0 0.6133333333333333 0.7725 0.050833333333333335 0.045
0 0.6408333333333334 0.8841666666666667 0.0625 0.0525
0 0.8558333333333333 0.6841666666666667 0.035 0.049166666666666664
0 0.7941666666666667 0.5791666666666667 0.0375 0.0375
0 0.9791666666666666 0.5575 0.0375 0.03333333333333333
0 0.7083333333333334 0.27666666666666667 0.045 0.0375
0 0.7591666666666667 0.155 0.03333333333333333 0.04083333333333333
0 0.8066666666666666 0.22916666666666666 0.050833333333333335 0.045
0 0.6583333333333333 0.060833333333333336 0.043333333333333335 0.03916666666666667
0 0.7425 0.10416666666666667 0.050833333333333335 0.049166666666666664
0 0.8741666666666666 0.060833333333333336 0.04083333333333333 0.035
0 0.8808333333333334 0.015833333333333335 0.03916666666666667 0.0275