0 0.5316666666666666 0.7108333333333333 0.025833333333333333 0.025833333333333333
0 0.4766666666666667 0.7466666666666667 0.024166666666666666 0.025833333333333333
0 0.42083333333333334 0.7783333333333333 0.028333333333333332 0.025833333333333333
0 0.39166666666666666 0.7958333333333333 0.025833333333333333 0.028333333333333332
0 0.335 0.8291666666666667 0.024166666666666666 0.028333333333333332
0 0.3025 0.8425 0.025833333333333333 0.028333333333333332
0 0.28 0.8616666666666667 0.025833333333333333 0.025833333333333333
0 0.36583333333333334 0.8983333333333333 0.03 0.03166666666666667
0 0.39666666666666667 0.8833333333333333 0.028333333333333332 0.03166666666666667
0 0.4816666666666667 0.8308333333333333 0.025833333333333333 0.03166666666666667
0 0.51 0.8141666666666667 0.028333333333333332 0.03166666666666667