0 0.15583333333333332 0.43416666666666665 0.023333333333333334 0.03166666666666667
0 0.31 0.4766666666666667 0.025 0.025
0 0.2633333333333333 0.4658333333333333 0.025 0.035833333333333335
0 0.4025 0.4925 0.025 0.025
0 0.4241666666666667 0.4975 0.023333333333333334 0.02666666666666667
0 0.585 0.53 0.025 0.028333333333333332
0 0.5625 0.5233333333333333 0.025 0.025
0 0.5366666666666666 0.5191666666666667 0.023333333333333334 0.028333333333333332
0 0.515 0.5166666666666667 0.019166666666666665 0.02666666666666667
0 0.49166666666666664 0.5091666666666667 0.019166666666666665 0.028333333333333332
0 0.4691666666666667 0.505 0.019166666666666665 0.035833333333333335
0 0.4475 0.5016666666666667 0.019166666666666665 0.025